HD103266	226.280	9.63543	17.8291	0.0428958	3.91807e-05	0.883141
HD69830		368.824	5.29088	17.5360	0.999981	0.195321	0.581593
HD75416		367.69543	8.6469782		17.971129	0.089245730	3.4025958e-05	0.73508759
HD144981	296.814	6.29525	17.2401	0.0169726	6.03872e-06	0.841646
HD164029	768.798	28.6153	18.0945	0.883648	0.000461236	0.503884
HD24966		129.213	20.3688	19.6750	0.169198	3.65926e-06	0.258436
HD35150		261.794	5.75100	16.7976	7.82486e-06	0.0858547	0.553872
HD46190		130.185	10.5887	18.2009	0.492265	1.44653e-05	0.310971
HD53143		125.589	6.30959	18.8112	0.986403	0.000387229	0.163935
HD104600  170.572621    9.406056   18.953191    0.000983    0.000095    0.311758
HD105613  307.022000    8.202810   17.258800    0.034790    0.042573    0.418194
HD105857  209.968000    5.948640   17.858900    0.022486    0.033598    0.284538
HD106906  108.902326   10.367323   19.919714    0.463262    0.007132    0.407410
HD98363  177.523727    6.246513   18.626709    0.000501    0.049977    0.895175
HD107301  180.601968    9.591662   18.816163    0.024467    0.000564    0.596370
HD108857  270.771692   29.997328   18.424374    0.207361    0.007423    0.211019
HD109832  142.014089    6.144513   18.617625    0.087487    0.000206    0.267865
HD111102  236.145591   10.952561   17.494996    0.000817    0.064896    0.390789
HD112383  215.299034    5.017067   17.885729    0.006838    0.001006    0.814683
HD113457  246.093000    5.771580   18.119200    0.013069    0.004639    0.366843
HD113902  306.351746   29.976309   18.470533    0.825410    0.002533    0.375897
HD114082  126.527289    4.784372   19.446911    0.003615    0.057306    0.228928
HD115361  201.883233    4.620792   17.416176    0.066908    0.026404    0.344324
HD117214  136.719457    5.125556   19.148706    0.272686    0.131339    0.191609
HD117665  231.133447    5.507189   17.791011    0.009587    0.031573    0.997424
HD118379  127.192719    9.669456   18.739792    0.059484    0.000085    0.322448
HD118588  196.014461    5.416906   18.042383    0.034100    0.000041    0.411077
HD119718  341.997197   25.548077   17.564486    0.879249    0.001527    0.538294
HD121336  226.401852    5.624764   17.778719    0.000298    0.001932    0.628844
HD122705  301.925452    5.372338   16.765253    0.000751    0.062072    0.406961
HD125541  189.953557    5.752397   17.626606    0.000717    0.080234    0.018405
HD126062  233.911463    8.849322   17.655747    0.010771    0.004162    0.820245
HD129590   92.776401    5.810627   19.952245    0.003224    0.025904    0.983902
HD133803  199.748291    5.853168   18.030022    0.001906    0.014262    0.969050
HD135953   74.307651    6.201816   19.219868    0.932520    0.005384    0.716219
HD137057  119.724444    8.228104   18.789261    0.037647    0.063838    0.024945
HD140817  208.229511    8.910238   18.316778    0.001591    0.007425    0.742260
HD141327  297.050240   28.163717   17.700244    0.000518    0.008950    0.160921
HD143675  185.538492    5.607923   18.171407    0.000840    0.118986    0.309598
HD143939  246.337151    8.363960   17.208559    0.013498    0.034198    0.446965
HD145972  279.169694    4.596115   16.936586    0.046460    0.007600    0.875476
HD148657  157.082268    5.735379   18.480522    0.002377    0.002283    0.035020
HD147594  234.457275    5.499748   16.830370    0.000436    0.035859    0.997483
