HD104600    1.350958    5.635490   -0.202626    7.797509    0.102969    2.096677   19.951241    0.229806    0.002351    0.578748
HD105613    2.026790    3.445070    0.776604    4.689380    1.942440    3.960980   18.573300    0.137478    0.012096    0.737063
HD105857    1.082557    4.916495   -0.910990    2.860799    1.687137    2.444969   18.771380    0.581450    0.026416    0.403741
HD106036    2.063070    3.431990    0.051150    3.854470    1.480220    3.854980   19.516700    0.075799    0.022128    0.239338
HD106906    2.227273    3.114338   -2.147699   12.037009    4.967564    2.463862   22.925388    0.525529    0.000283    0.180942
HD98363    2.467850    4.986570    0.183153    3.262230    1.045260    2.957980   21.329400    0.542668    0.032035    0.354504
HD106797    2.228069    3.603800   -0.133936   24.885579    0.751487    2.552811   20.937154    0.471171    0.005595    0.306955
HD107301    2.055718    3.822820   -0.628450   17.512498    3.835426    3.497885   21.131537    0.159356    0.000412    0.446587
HD108857    1.910971    2.391152    0.217929   28.718346    1.845777    2.668646   19.830065    0.046534    0.002044    0.259221
HD109832    1.721903    4.439251   -0.733341    6.421529    0.432807    4.252459   19.970389    0.127879    0.016139    0.340834
HD111102    1.443602    9.406729   -0.116842    9.546718    0.141482    3.000908   23.387267    0.028659    0.051710    0.029672
HD112383    2.862299    0.101090    2.727613    4.203538    0.357843    2.640281   18.441690    0.005975    0.002624    0.511087
HD113457    2.317100    3.439950    0.769458    5.115540    0.435464    3.211300   19.418800    0.000033    0.012588    0.309813
HD113902    2.753074    6.058873    3.411562   22.307070    2.820921    2.108396   20.104399    0.580543    0.000313    0.137006
HD114082    1.325830    5.139685   -2.390764    8.297649    4.113172    1.986554   22.702260    0.920178    0.001138    0.120424
HD115361    1.296766    4.981391   -0.721827   27.022697    0.712001    2.053661   20.294175    0.496620    0.003725    0.662788
HD117214    1.487505    4.792380   -1.665146   29.799155    1.807028    4.391097   22.018052    0.249797    0.007156    0.011143
HD117665    2.357805    3.877110    0.719548    3.811428    1.334924    3.182450   19.559148    0.253670    0.019030    0.732614
HD118379    3.173587    7.970463    2.688258   12.920702    0.605641    4.286652   19.966190    0.062448    0.000219    0.152725
HD118588    2.071478    3.476972   -0.543420   25.055387    0.839815    2.358417   20.212843    0.809365    0.003432    0.331103
HD119718    1.696911    3.326934   -0.165013   18.595319    1.463498    1.985447   19.643269    0.321624    0.001904    0.882144
HD121336    1.501356    7.340564    0.067724   25.929522    3.014046    3.111094   22.541717    0.290694    0.000715    0.853368
HD122705    1.887916    4.971403    0.640275    3.687107    1.786214    3.324934   18.939781    0.130397    0.024197    0.718989
HD125541    2.272322    8.121674    0.348748    3.001842    0.708792    3.493075   22.238592    0.002237    0.012849    0.267641
HD126062    1.688877    6.066549   -0.105325   27.992971    2.233913    3.672738   21.536202    0.439510    0.000089    0.497658
HD127750    2.294500    7.318836   -0.002996    4.285572    0.188266    3.392991   21.999816    0.977478    0.081530    0.640432
HD129590    2.201550    4.640855   -0.984854    2.679517    0.723783    3.809964   21.723786    0.217126    0.052795    0.526377
HD133803    2.568716    3.727650    2.150386    5.497579    0.129504    2.387393   18.973386    0.005076    0.013969    0.879426
HD135953    2.251295    4.170138   -1.363581    6.449530    0.153877    2.077864   20.504274    0.632025    0.008711    0.376601
HD137057    1.763130    4.950697   -0.600551    3.085062    0.870944    4.087198   20.044991    0.004639    0.120104    0.093002
HD140817    2.495438    5.644354    0.557428    4.878579    1.822263    2.751134   21.447321    0.767979    0.004469    0.475486
HD141327    1.836672    6.987420    0.384464    6.680053    0.796886    3.344209   20.398447    0.289579    0.009937    0.758319
HD143675    2.199349    5.537277    0.039071    2.901146    4.573335    3.983208   21.553745    0.342775    0.029554    0.259642
HD143939    2.530982    7.331630    1.046197    4.984583    0.187133    2.264674   19.971799    0.009533    0.012441    0.648344
HD145972    1.177052    6.728051    0.212055    3.101377    1.922708    2.755503   19.934530    0.931484    0.008175    0.808715
HD148657    2.041821    4.685324   -0.437502    5.612495    1.907746    4.171081   20.623401    0.060914    0.010877    0.148946
HD147594    1.380644    8.373133    0.403921    5.875218    0.007488    4.113903   20.771429    0.084489    0.057001    0.800272
HD142446    1.477231    7.618240   -0.199617    5.013279    0.812861    3.351849   21.780641    0.169485    0.019894    0.056992
HD145880    3.071777    3.763863    1.153388    9.379594    0.135917    3.318843   20.897318    0.095026    0.000943    0.415308
HD121189    2.169125    3.401190   -0.287527    5.222106    3.726526    2.465543   20.964681    0.132246    0.001242    0.095636
HD115600    3.06083	1.68721	   4.19845	4.66606	    1.02493	3.51671	   20.2710	0.000265829 0.00373307	0.282880
HD151109    2.48503	5.03796	   -0.216712	15.3579	    1.61438	2.59119	   21.9783	0.624456    0.00133579	0.447865
