HD106797    3.320630    0.630111    8.278510    1.134310    4.361160   20.143100    0.726086    0.012469    0.446039
HD107301    3.521330    0.468738   26.434300    3.544560    4.041010   21.072100    0.575866    0.000583    0.073985
HD108857    2.595840    0.626510   13.843900    2.729880    3.281710   19.615300    0.420761    0.003120    0.366421
HD109832    3.406590    0.447122    6.163090    0.109797    3.568660   19.773900    0.070181    0.002953    0.777568
HD111102    4.549840    0.463224    9.583470    0.228760    3.039220   22.446800    0.002643    0.052386    0.013782
HD113457    3.011070    0.649731    4.936390    0.388968    2.823660   19.018400    0.000306    0.000567    0.854861
HD113902    2.879750    0.188207   25.730800    2.102540    1.740380   19.770100    0.059721    0.000374    0.691679
HD114082    3.328100    0.294606    5.807740    0.303822    3.899940   20.735200    0.216786    0.037718    0.001611
HD115361    3.325640    0.473223   23.614000    3.470860    3.232460   21.051400    0.261695    0.000734    0.997112
HD117214    3.643760    0.330551    1.285520    3.967950    2.366140   22.288400    0.980087    0.000382    0.189869
HD117665    3.027630    0.530628    4.384750    0.795592    2.661240   18.779600    0.159199    0.017312    0.945063
HD118379    4.099343    0.411645    7.924494    4.407411    1.583558   22.760357    0.297451    0.000799    0.181561
HD118588    3.317040    0.549772    3.746570    3.321790    3.460610   19.783600    0.887613    0.003205    0.049428
HD119718    3.194000    1.022910   17.669100    0.632632    2.537480   20.180500    0.877429    0.003547    0.972770
HD121336    3.792257    1.924133   26.661316    1.865070    2.626170   21.758867    0.951389    0.001721    0.310757
HD122705    2.566340    1.846820    6.105130    0.024395    3.462390   17.779100    0.307726    0.045496    0.538173
HD125541    4.346940    0.742945    2.565240    0.011592    3.483120   20.694800    0.000024    0.024336    0.999530
HD126062    4.241070    0.601902   18.754500    2.428180    2.684270   22.277200    0.549498    0.000120    0.503452
HD127750    4.886570    0.681473    3.007550    0.391146    1.518840   21.544800    0.997618    0.053932    0.886570
HD129590    3.899968    0.308380    1.817332    4.590208    3.289151   22.563698    0.139031    0.008765    0.357794
HD135953    4.283480    0.328111    2.785560    1.803340    2.430890   21.620900    0.557822    0.003847    0.347967
HD137057    3.713580    0.466349    3.438080    0.289123    4.260490   20.032100    0.028150    0.034161    0.153069
HD140817    3.191960    0.547206    7.694570    0.185106    2.263930   19.260200    0.826807    0.001351    0.420500
HD141327    2.873340    1.899160    8.066690    1.002150    4.288540   18.459800    0.129900    0.010795    0.383852
HD143675    3.531000    0.574621    3.420860    2.735110    3.795590   20.169500    0.998962    0.035722    0.360464
HD143939    2.933250    0.249588    3.916540    4.137670    4.454630   17.922000    0.048093    0.010483    0.839010
HD145972    2.763521    1.993605    4.174057    1.425383    2.233604   18.810507    0.356272    0.014317    0.447355
HD148657    3.718190    0.492443    5.545290    1.172370    2.059440   20.419500    0.027154    0.008993    0.045401
HD147594    3.968260    1.954980   15.554900    0.743852    2.833670   21.424800    0.280761    0.023015    0.114532
HD142446    4.015565    0.390805   14.549083    0.890484    2.600642   21.928043    0.947303    0.008015    0.009868
HD145880    3.406420    0.224862   17.651200    0.136485    2.914160   20.317300    0.027653    0.000141    0.817127
HD121189    3.086560    0.450827   14.454600    0.129392    3.273510   19.614000    0.026713    0.004468    0.753410
HD107947    3.312970    1.783860   16.379700    2.498140    2.876930   20.731000    0.891414    0.000511    0.538998
HD104600    3.573129    1.149603    4.421587    5.482498    4.367744   20.465849    0.013253    0.001422    0.998746
HD105613    2.682250    1.201870    4.899290    2.646090    3.615370   18.527200    0.124031    0.009926    0.737795
HD105857    3.109280    0.443762   17.405000    5.203750    4.344920   19.757000    0.603983    0.006740    0.052349
HD106036    3.125410    1.609770    3.215170    1.153620    3.116790   19.572400    0.409142    0.006069    0.775227
HD106906    3.354450    0.312901   10.629325    0.812790    2.360347   21.106216    0.419839    0.015453    0.416143
HD98363    3.540410    0.550495    3.375620    5.319160    4.286510   20.430400    0.205947    0.004202    0.832257
HD112383   3.00029     0.746723	   2.53500     2.43299	   2.07277    19.1778	   0.865183    0.0133801   0.251789
HD133803   3.1578557   0.79340133  3.3448056   3.7052786   4.3952477  19.466176	   0.86274060  0.0021980951	0.14239253
HD137119   2.98178	0.397507   28.0553     3.77672	   1.68253    20.4779	   0.504982    0.000549454	0.158718
