1RXSJ051111.1+281353,5000.0,17.4304,73.9635,0.3631,0.0172,0.794,85.57858,57.379719,29.9989,613.567,0.1221,0.0044,0.0198,647.019695,577.880203
AlphaCrb,9750.0,14.1544,127.3464,0.7374,0.0079,0.4274,128.883082,126.343987,21.6934,999.9738,0.2075,0.9998,0.0014,999.012879,991.017512
BD+20307,6500.0,0.3478,257.1589,0.9898,0.016,0.3212,258.845327,254.735591,4.6854,870.7958,0.9629,0.2383,0.4847,879.331508,868.491026
BetaPic,8500.0,14.6938,118.2489,0.7561,0.0363,0.5816,118.989885,117.518154,8.2872,953.3359,0.8277,0.6402,0.3365,959.922565,952.71328
EfCha,8500.0,11.3291,178.2758,0.035,0.2047,0.217,179.141728,177.511226,2.9722,999.6296,0.4946,0.2672,0.9993,999.866757,997.607266
EtaCrv,7000.0,3.4226,150.6244,0.9224,0.0809,0.1128,145.814788,142.835794,6.5895,524.4953,0.7634,0.0236,0.478,494.428273,485.747838
EtaTel,9500.0,20.5692,120.4862,0.2317,0.094,0.2065,121.592414,119.433075,5.0029,303.3103,0.393,0.0921,0.3167,307.203687,300.067721
GamOph,9250.0,10.2254,96.8024,0.5865,0.0816,0.2817,97.729423,96.190481,10.8825,520.903,0.3366,0.9296,0.4817,523.646495,516.532619
HD104231,6750.0,3.9462,159.9308,0.893,0.0037,0.8781,160.616125,154.080024,22.1545,624.9198,0.875,0.0091,0.9924,627.518885,607.154284
HD104600,12000.0,7.3491,117.7866,0.3001,0.0068,0.7247,118.630451,116.750794,20.746,300.4917,0.2779,0.2442,0.2183,302.417446,295.333895
HD10472,7000.0,6.5427,93.4332,0.4627,0.1144,0.4122,94.75957,91.735365,22.4905,612.7082,0.1236,0.5292,0.2824,619.338658,607.076624
HD105613,9000.0,4.3229,138.8436,0.7132,0.0333,0.0701,147.645104,136.676344,6.9979,451.728,0.0646,0.0154,0.4751,459.522995,445.245965
HD105850,9250.0,6.3723,97.6789,0.607,0.0744,0.6402,100.687411,97.811711,21.7086,562.5203,0.9916,0.0135,0.0256,585.12861,566.824938
HD105857,9000.0,5.2238,188.9572,0.4129,0.0437,0.3039,190.586538,187.632457,28.4434,496.8935,0.5863,0.0042,0.6584,501.791352,492.192046
HD106036,9000.0,8.8424,163.2875,0.1969,0.2276,0.0049,164.225746,162.203862,5.0563,503.9979,0.2588,0.4475,0.4572,507.697156,480.748915
HD10638,9250.0,6.7593,74.9254,0.713,0.0418,0.3423,76.296685,72.859624,6.8011,433.0776,0.5789,0.9678,0.6157,440.901468,428.313836
HD106797,10000.0,7.3107,148.2473,0.7585,0.0077,0.1147,151.104812,147.555672,6.9749,473.6335,0.4228,0.4051,0.2709,486.529249,478.320518
HD106906,6750.0,6.9501,103.0965,0.8245,0.0342,0.2771,104.040774,101.945223,3.8618,275.7889,0.6156,0.0106,0.4343,279.831629,271.502397
HD107301,11500.0,9.1284,165.5761,0.1429,0.0003,0.1932,165.86851,163.399318,28.7696,604.6872,0.6387,0.0012,0.4713,615.291584,603.496839
HD107947,10000.0,24.4517,135.809,0.3693,0.0,0.1832,137.794298,132.486245,11.1686,432.8027,0.8858,0.0695,0.0047,446.642259,418.949703
HD108857,6750.0,22.2954,105.8783,0.8464,0.2204,0.2391,105.167006,103.233652,26.2093,316.9729,0.2964,0.0025,0.6614,326.653616,316.740495
HD108904,6750.0,1.5391,272.6794,0.1764,0.0936,0.6761,271.383006,259.302298,3.5865,154.4869,0.4462,0.0835,0.7277,154.946706,133.426044
HD109573,10000.0,7.8025,102.3168,0.0356,0.0301,0.2841,102.638246,102.155156,3.6715,294.9503,0.3255,0.4762,0.5298,304.480277,296.734205
HD109704,9000.0,6.5947,108.1162,0.3526,0.6999,0.0106,108.053321,104.580646,11.1505,616.724,0.8774,0.2363,0.9371,616.788088,572.657823
HD109832,7250.0,6.0969,111.0798,0.934,0.0086,0.0544,111.838081,110.194553,10.5109,344.7923,0.0561,0.0251,0.2615,348.298806,339.970406
HD110058,9000.0,6.8102,113.5994,0.1784,0.036,0.0464,114.083314,112.718961,13.7553,594.6333,0.2357,0.0091,0.6868,593.466338,584.557898
HD110411,9500.0,7.2531,82.639,0.2281,0.012,0.0823,84.470868,82.528173,18.7875,489.1997,0.0887,0.045,0.3142,496.266857,486.586582
HD111520,6750.0,6.6319,101.9937,0.9905,0.1532,0.2994,103.789555,100.482873,23.4933,488.8672,0.3567,0.9873,0.8105,477.291203,443.066971
HD112383,9250.0,2.8012,97.7258,0.4583,0.0236,0.2637,98.593316,96.697182,18.1239,300.3343,0.0417,0.0074,0.4162,304.714724,296.917125
HD113457,10000.0,17.9834,155.5838,0.9895,0.0113,0.2787,155.602449,152.679493,5.1324,387.8916,0.0916,0.1114,0.2938,394.702836,382.670677
HD113556,7250.0,14.3484,83.7298,0.3023,0.3419,0.1589,85.615315,80.833129,15.1672,456.1379,0.0004,0.1493,0.9877,455.094142,429.736537
HD113766,7250.0,15.8854,196.1514,0.5007,0.767,0.0089,196.885297,195.514533,3.2742,724.8448,0.5531,0.4976,0.4748,727.602442,722.281763
HD114082,6750.0,4.4805,113.3271,0.4386,0.1024,0.9177,114.260678,112.34177,21.7832,535.0046,0.4525,0.0595,0.7674,538.862992,530.989375
HD115361,6750.0,17.6857,96.0512,0.3519,0.0008,0.3593,98.284922,93.491745,29.1514,250.3764,0.7236,0.0057,0.9975,257.498434,244.292968
HD117214,6500.0,4.6421,113.9728,0.8986,0.0249,0.8462,114.881362,112.937765,28.8358,629.464,0.8408,0.0084,0.6009,633.305815,625.699613
HD117484,10500.0,8.0329,97.457,0.359,0.0078,0.3506,96.494882,92.381741,5.565,280.7409,0.3366,0.0123,0.7722,281.112432,271.417739
HD117524,5500.0,15.9411,36.3159,0.0864,0.7847,0.7123,35.996978,30.202776,29.9926,539.9944,0.9998,0.5659,0.6827,548.504634,523.859125
HD117665,9250.0,3.7801,108.3671,0.3887,0.0012,0.996,115.408397,106.985242,6.9438,306.4762,0.1659,0.186,0.6381,313.446822,303.213613
HD118379,9000.0,13.9354,100.1093,0.433,0.0004,0.3879,100.509509,98.476051,10.4225,264.1397,0.7049,0.1512,0.1072,276.254235,265.306495
HD118588,9250.0,7.4073,134.3168,0.4322,0.0403,0.0983,131.385067,127.783753,7.341,317.7566,0.5439,0.0027,0.5498,314.04733,293.655397
HD120326,7500.0,6.7578,121.5966,0.7764,0.0226,0.0699,122.799783,120.745871,6.7628,247.9322,0.8297,0.4109,0.1659,237.341963,217.487944
HD122705,9250.0,3.3274,89.5353,0.3249,0.0844,0.0951,93.518362,88.86291,7.0393,395.2302,0.7445,0.0373,0.303,397.202963,388.976635
HD124619,7250.0,14.026,104.4302,0.338,0.1349,0.1658,107.346067,103.99579,29.1489,484.9079,0.342,0.004,0.2414,498.588041,483.004484
HD125541,7500.0,4.7525,121.8294,0.7513,0.1126,0.5741,123.306317,118.568564,12.0292,393.0424,0.4818,0.0492,0.0686,397.481892,383.949286
HD126062,9250.0,6.7139,101.1937,0.5189,0.0127,0.03,102.557527,99.267062,14.0071,416.2939,0.2916,0.0175,0.8823,422.256806,409.187935
HD126135,11000.0,4.4268,91.4506,0.713,0.4061,0.0588,92.97391,88.545506,8.8271,333.9714,0.557,0.001,0.3641,339.313498,325.662926
HD127750,9750.0,3.0409,56.316,0.7192,0.0123,0.9777,58.191335,56.05643,3.6506,292.776,0.7347,0.1635,0.7282,304.717313,292.328125
HD129590,6000.0,7.3176,87.3724,0.5438,0.0496,0.2063,87.764994,86.853212,21.9138,431.6817,0.9944,0.0012,0.1393,433.440979,424.274758
HD132238,12500.0,23.7659,142.6992,0.7325,0.2564,0.8022,146.4456,139.873632,23.0643,352.0021,0.8565,0.1417,0.0074,369.287019,348.926961
HD133803,7500.0,25.5906,71.3421,0.7274,0.3321,0.0656,74.099477,70.157857,6.218,250.0297,0.851,0.0328,0.0896,249.50679,242.293789
HD134888,6750.0,14.0757,94.9524,0.444,0.0395,0.7731,95.950618,93.056454,27.0467,603.6612,0.0701,0.0896,0.8217,607.964463,589.197742
HD135379,8750.0,5.9544,155.5333,0.573,0.0044,0.5389,156.837847,154.336122,5.1974,420.3608,0.2613,0.0237,0.7631,435.949486,411.561135
HD136347,10500.0,24.2937,43.8027,0.8164,0.8541,0.7421,50.901304,42.027802,29.9816,501.2727,0.3638,0.9974,0.9976,517.439909,487.985802
HD136482,11500.0,15.3835,160.294,0.0793,0.1082,0.118,163.91269,158.422641,10.5522,526.7652,0.5307,0.3827,0.527,542.759662,520.375432
HD137057,7000.0,4.6716,100.3798,0.1612,0.1006,0.1843,101.528327,99.054802,28.2899,353.1838,0.2638,0.0002,0.8283,357.14526,348.922985
HD137119,9000.0,5.339,163.5998,0.1516,0.0632,0.1819,164.376877,161.706643,8.719,346.0071,0.2097,0.0287,0.2639,356.180693,344.845988
HD138813,9750.0,14.5308,122.4366,0.3566,0.0757,0.8051,123.430116,121.983324,12.3185,501.0663,0.2325,0.324,0.9494,505.149727,497.677154
HD140840,10500.0,18.0315,98.5415,0.427,0.1193,0.184,99.263224,97.340796,7.0471,417.0804,0.2009,0.5574,0.6716,419.339927,412.573016
HD141254,7000.0,22.8703,79.3361,0.2274,0.1612,0.0437,83.089379,75.412053,22.0853,462.9468,0.358,0.8067,0.3452,474.610674,452.127665
HD141327,10500.0,20.9906,78.7987,0.4756,0.0015,0.7872,81.936969,77.32751,12.0625,357.4159,0.1628,0.0066,0.2534,361.049861,350.056591
HD142139,9000.0,17.841,120.4113,0.4086,0.0879,0.0517,125.897749,120.506106,6.8019,492.1569,0.5676,0.388,0.2978,533.338401,491.354981
HD143675,8250.0,10.3576,129.9924,0.1371,0.3579,0.0008,131.236338,129.541254,3.4337,375.883,0.1069,0.5223,0.3022,378.785997,372.280124
HD144587,8750.0,6.3722,164.5014,0.3566,0.0027,0.8765,165.227278,161.681664,6.3469,574.3287,0.3086,0.5715,0.3969,580.820944,570.114555
HD144981,9750.0,5.3164,193.3332,0.4405,0.0999,0.8594,195.940698,187.559266,19.8099,581.3569,0.3228,0.3222,0.7639,588.073447,576.41505
HD145263,7250.0,11.6218,172.5542,0.9458,0.0171,0.1535,173.046105,171.969276,12.1731,765.8541,0.1595,0.1174,0.244,770.816009,761.246046
HD145554,10000.0,20.5983,119.2469,0.7301,0.0037,0.7315,120.250206,116.902613,11.0729,359.8203,0.4713,0.3355,0.2997,367.563203,358.68607
HD145631,10000.0,24.3912,252.2133,0.5721,0.1268,0.4369,254.150849,248.923121,10.8903,100.5028,0.5183,0.9488,0.721,104.203253,100.293224
HD145689,9000.0,14.8363,132.0836,0.2539,0.0259,0.4241,131.053486,125.867777,19.9244,651.1121,0.8467,0.0219,0.4534,632.235495,611.75084
HD145972,7250.0,2.2013,87.4166,0.4614,0.139,0.631,91.327008,86.249909,11.8695,468.2738,0.0593,0.1949,0.8953,477.426835,458.558396
HD146606,10000.0,2.9431,70.1728,0.2607,0.0059,0.7379,71.154394,67.911358,6.5989,308.3474,0.2053,0.0109,0.7689,311.602579,300.208832
HD146897,6750.0,6.4476,98.3299,0.2105,0.022,0.6054,98.157228,96.369126,16.6918,284.4016,0.8243,0.0879,0.094,276.896829,265.28962
HD147010,10500.0,23.9971,196.2052,0.3217,0.2153,0.1157,197.536573,193.17393,11.2148,104.0969,0.198,0.4081,0.6755,104.82474,100.209709
HD147137,9000.0,14.2948,117.8407,0.1523,0.2899,0.1571,120.249433,114.877929,6.5704,239.1703,0.0052,0.4484,0.6159,245.389967,231.41836
HD147594,5750.0,6.2267,81.2862,0.89,0.0014,0.1325,92.266488,67.871569,24.6415,402.4621,0.5132,0.0466,0.3516,419.952387,383.229922
HD151109,11500.0,12.1263,96.6731,0.8715,0.1134,0.0908,98.143745,95.997218,8.0597,269.0181,0.4253,0.0691,0.7483,274.008651,266.280865
HD15407,7000.0,0.8723,146.3019,0.0173,0.0225,0.1952,146.327139,144.261575,20.4097,999.6423,0.865,0.0012,0.4183,994.031352,988.454567
HD15745,7250.0,10.6058,86.6821,0.5987,0.0102,0.699,87.244205,86.07363,3.4699,155.5399,0.1212,0.0037,0.7761,157.618061,153.398693
HD157728,7750.0,10.9357,103.2059,0.2501,0.0041,0.5727,104.044326,102.43641,23.6899,480.8797,0.9893,0.0355,0.476,485.290784,475.872112
HD159492,8250.0,7.0187,122.1641,0.4185,0.0453,0.2521,123.223236,121.193884,4.0569,298.2135,0.3934,0.0047,0.5144,300.409917,295.786865
HD164029,5000.0,10.7232,70.0812,0.6865,0.5795,0.1982,71.655043,65.019614,29.8916,801.8265,0.9911,0.0008,0.7039,804.290691,784.367287
HD169022,10000.0,15.9327,141.9014,0.6316,0.0777,0.1146,145.830291,141.337182,8.3106,888.8639,0.2015,0.9961,0.216,883.769454,868.826192
HD169666,6750.0,6.9114,157.5437,0.1082,0.0742,0.048,158.180176,156.151204,11.4522,756.0842,0.3519,0.5973,0.6298,773.829762,754.527179
HD172555,8250.0,23.9018,216.461,0.6927,0.0105,0.4248,217.207867,215.911848,1.6601,670.9056,0.2208,0.0994,0.6248,677.00595,669.597999
HD17848,9000.0,7.1228,78.2868,0.7391,0.5645,0.0657,79.720623,76.962858,15.2655,740.3284,0.4116,0.7173,0.3263,748.548936,734.893121
HD181327,6750.0,6.2496,81.8966,0.752,0.0233,0.3322,82.696824,81.525942,5.6602,338.8969,0.2056,0.3803,0.0337,340.75196,331.375572
HD182919,10000.0,11.237,101.9793,0.4433,0.0236,0.1209,105.937703,100.614386,12.118,279.9974,0.4253,0.3051,0.0682,286.59522,276.697141
HD184930,16000.0,22.294,119.9208,0.2222,0.1229,0.5141,148.743998,113.940072,23.4906,690.5651,0.396,0.8001,0.6703,739.724735,662.919984
HD191089,7000.0,6.634,99.3347,0.9883,0.0131,0.1841,100.202949,98.368115,22.2687,243.6601,0.712,0.0666,0.641,232.688017,220.79035
HD191174,9250.0,7.4742,117.8543,0.6802,0.0056,0.3942,120.952895,113.650423,6.9243,456.9931,0.9191,0.0279,0.2128,467.286756,433.526966
HD221853,7000.0,7.2037,89.4758,0.0023,0.0271,0.234,90.240845,88.66678,24.1596,101.3657,0.8099,0.3703,0.8431,106.98018,100.211303
HD23267,10000.0,8.8494,216.3078,0.5725,0.0007,0.3667,219.90692,216.129098,10.4806,115.0661,0.192,0.0002,0.4279,117.615466,111.475109
HD24141,8250.0,20.0164,99.858,0.9366,0.0121,0.0983,100.418125,95.625122,6.7133,310.3934,0.2205,0.0001,0.6588,308.84172,297.403965
HD24966,9750.0,6.3364,92.6841,0.8315,0.0596,0.1688,92.165324,90.560246,11.427,455.8608,0.2281,0.0247,0.0965,449.161673,437.773111
HD3003,9500.0,6.9619,163.0335,0.269,0.3001,0.0362,163.719014,162.046666,9.7419,710.5583,0.7558,0.0423,0.6691,714.036458,708.834687
HD32297,8000.0,9.97,91.6679,0.5114,0.1023,0.57,92.151187,90.984697,10.1888,312.1194,0.3522,0.1189,0.036,314.267736,309.253788
HD34324,9250.0,6.8262,39.3347,0.4313,0.3842,0.6224,44.338472,39.352783,11.0147,150.4701,0.8837,0.101,0.145,152.553302,146.726065
HD35150,8500.0,4.3937,137.3302,0.366,0.0017,0.7638,142.450322,133.832056,21.7661,451.6705,0.3514,0.0311,0.3258,464.674604,437.589271
HD37286,8750.0,7.1972,143.2315,0.0478,0.1782,0.0078,145.969709,142.395484,7.0267,506.6122,0.8753,0.6271,0.4109,510.01837,498.642275
HD37306,9500.0,7.1554,107.3566,0.1832,0.007,0.1007,108.254049,105.564436,6.0676,606.3351,0.1914,0.397,0.28,612.090347,600.74998
HD37564,7750.0,6.6711,156.5876,0.4843,0.008,0.6437,156.77696,152.143416,28.0848,953.2317,0.8269,0.4792,0.5923,916.333386,883.961439
HD38206,10500.0,22.1974,85.074,0.4593,0.0075,0.4002,88.355807,83.30377,4.8116,369.833,0.8121,0.0022,0.6778,375.845442,359.564429
HD40540,8250.0,10.6343,87.4646,0.9041,0.0122,0.0895,87.603568,84.798757,10.0118,373.3169,0.5019,0.0351,0.1832,367.37121,353.058674
HD5267,10000.0,10.6835,79.7739,0.7074,0.2438,0.0611,81.478236,77.13538,7.7129,536.7774,0.129,0.0022,0.5095,545.561149,524.823428
HD53842,6750.0,15.818,131.2517,0.0514,0.5736,0.0016,135.060554,129.636427,14.6396,397.4361,0.5681,0.191,0.7759,411.583965,392.613732
HD6798,9250.0,5.1963,89.2417,0.8253,0.0375,0.2076,91.877139,88.139985,7.1306,257.2388,0.4736,0.0287,0.4581,265.505582,251.381848
HD68420,9000.0,18.4574,98.7716,0.4332,0.1464,0.0756,99.193594,91.435629,24.2594,406.2752,0.2022,0.0027,0.1186,413.840465,389.496159
HD69830,5500.0,13.2618,211.4288,0.0215,0.0007,0.0697,212.426386,210.321675,1.7289,406.0581,0.9847,0.2873,0.7585,409.06488,403.398326
HD71043,9750.0,7.7952,131.7234,0.7925,0.005,0.0006,130.466686,118.092367,10.7883,423.9374,0.132,0.0255,0.2533,423.505538,402.33898
HD71155,10000.0,4.3958,76.1535,0.3934,0.1065,0.3007,86.322962,75.212804,4.2976,280.6231,0.2624,0.0065,0.6818,300.700541,280.295293
HD74873,9250.0,26.6229,128.4485,0.1018,0.0425,0.9123,131.992376,126.862654,6.9254,489.9514,0.0578,0.3672,0.3863,518.362822,477.966157
HD75416,13000.0,16.3915,196.7914,0.1793,0.0887,0.8075,192.082026,188.245801,19.4352,469.3909,0.2222,0.1144,0.4736,465.239413,451.907037
HD84870,8500.0,7.1246,67.1183,0.428,0.9394,0.1122,68.901668,64.983024,15.1427,553.4184,0.1886,0.4234,0.6744,561.904917,545.780845
HD86087,10500.0,6.7997,94.7174,0.6676,0.0517,0.1113,95.496331,92.216686,5.7385,476.0197,0.9237,0.0577,0.1569,483.131522,467.83145
HD98363,9000.0,27.6487,291.7939,0.9751,0.0067,0.4584,293.489435,291.437203,3.8982,109.3212,0.3228,0.0788,0.5024,111.985251,108.810645
ZetaLep,9750.0,15.3297,141.0189,0.0806,0.0066,0.5189,141.829643,140.445807,6.7614,447.836,0.3959,0.0173,0.3354,456.155804,443.855568
ID8,5750.0,4.5489,76.6092,0.3164,0.3556,0.8914,80.377256,76.805571,1.4415,382.6172,0.6144,0.0013,0.6803,385.691835,379.918246
