wave,weight,flux,flag,segment
Double,Double,Double,Integer,Integer
micrometer,,Jy,,
Wavelength,weight,flux,flag,segment
101.44349784178377,1.0,2.63168657946609,0,0
101.49832959516081,1.0,2.6321383806797045,0,0
101.55317442403899,1.0,2.6325904448427804,0,0
101.60803232567596,1.0,2.6330427721237495,0,0
101.66290329731285,1.0,2.7365042073039367,0,0
101.71778733617424,1.0,1.7301849202581236,0,0
101.77268443946805,1.0,1.6729995115010512,0,0
101.82759460438562,1.0,1.95421626772617,0,0
101.88251782810165,1.0,1.4520240315006387,0,0
101.93745410777419,1.0,1.8335524080478212,0,0
101.99240344054456,1.0,2.0294195034001636,0,0
102.04736582353746,1.0,1.3679000885390231,0,0
102.10234125386083,1.0,1.590646033439009,0,0
102.15732972860587,1.0,1.516604953128026,0,0
102.21233124484704,1.0,1.8109544563762572,0,0
102.26734579964202,1.0,1.8877849630010752,0,0
102.32237339003166,1.0,1.5710376493335885,0,0
102.37741401304007,1.0,1.6226169622131201,0,0
102.43246766567442,1.0,1.8625423275262034,0,0
102.48753434492511,1.0,1.6184491148731834,0,0
102.54261404776562,1.0,1.7716426451318341,0,0
102.59770677115256,1.0,1.6152164528200734,0,0
102.65281251202559,1.0,1.7930193832364907,0,0
102.70793126730746,1.0,1.5624237280713034,0,0
102.76306303390393,1.0,1.8476642789334197,0,0
102.81820780870385,1.0,1.528619221821536,0,0
102.87336558857898,1.0,1.7534790460966743,0,0
102.92853637038414,1.0,1.480192983672819,0,0
102.98372015095708,1.0,1.7930562868107125,0,0
103.03891692711849,1.0,1.688859271603954,0,0
103.094126695672,1.0,1.549283038038997,0,0
103.14934945340414,1.0,1.7760775984083894,0,0
103.20458519708431,1.0,1.6583620769147502,0,0
103.25983392346478,1.0,1.547880691093526,0,0
103.31509562928065,1.0,1.707120889433751,0,0
103.37037031124984,1.0,1.7416989640858767,0,0
103.42565796607309,1.0,1.5639424662902957,0,0
103.48095859043394,1.0,1.6917777997641334,0,0
103.53627218099865,1.0,1.5482944656567363,0,0
103.59159873441621,1.0,1.5241819442409794,0,0
103.6469382473184,1.0,1.542445206725964,0,0
103.70229071631965,1.0,1.6081958766555244,0,0
103.75765613801707,1.0,1.7219601092676342,0,0
103.81303450899043,1.0,1.637470379330742,0,0
103.86842582580216,1.0,1.6650043414109856,0,0
103.92383008499732,1.0,1.513608761246642,0,0
103.97924728310352,1.0,1.5565389350832268,0,0
104.034677416631,1.0,1.5802748524015011,0,0
104.09012048207254,1.0,1.8143793165541473,0,0
104.14557647590343,1.0,1.8203329387613973,0,0
104.20104539458151,1.0,1.441902988236873,0,0
104.25652723454715,1.0,1.85085860818008,0,0
104.31202199222312,1.0,1.4132074075790304,0,0
104.36752966401471,1.0,1.6408993385385353,0,0
104.42305024630963,1.0,1.6780588240123284,0,0
104.47858373547797,1.0,1.5983013978648963,0,0
104.53413012787229,1.0,1.61509187893471,0,0
104.58968941982745,1.0,1.6750846129271757,0,0
104.64526160766073,1.0,1.6144171515410142,0,0
104.70084668767169,1.0,1.6586012012117974,0,0
104.75644465614224,1.0,1.5831394193442339,0,0
104.81205550933657,1.0,1.6507892857411075,0,0
104.86767924350116,1.0,1.7605769578179056,0,0
104.92331585486473,1.0,1.5898666641188743,0,0
104.97896533963822,1.0,1.39296407828819,0,0
105.03462769401483,1.0,1.393951916894829,0,0
105.09030291416991,1.0,1.4492268862754332,0,0
105.14599099626096,1.0,1.4939211365109994,0,0
105.2016919364277,1.0,1.5481885182442707,0,0
105.25740573079193,1.0,1.4914491238556156,0,0
105.31313237545757,1.0,1.6118942567141186,0,0
105.36887186651066,1.0,1.430612646333089,0,0
105.42462420001925,1.0,1.5163457040687043,0,0
105.4803893720335,1.0,1.523800971806117,0,0
105.53616737858556,1.0,1.6475395596424753,0,0
105.59195821568959,1.0,1.507116859827618,0,0
105.64776187934174,1.0,1.5027351527368704,0,0
105.70357836552017,1.0,1.5713460791512055,0,0
105.75940767018491,1.0,1.6331314634249128,0,0
105.81524978927797,1.0,1.477040879208466,0,0
105.87110471872325,1.0,1.5202485074498804,0,0
105.92697245442652,1.0,1.4779559843221455,0,0
105.98285299227544,1.0,1.5452137219634037,0,0
106.0387463281395,1.0,1.5947664995177318,0,0
106.09465245787,1.0,1.5310025047480194,0,0
106.15057137730005,1.0,1.6607479340025975,0,0
106.20650308224458,1.0,1.4485510626712657,0,0
106.26244756850022,1.0,1.5512045085704702,0,0
106.31840483184536,1.0,1.7701187472500617,0,0
106.37437486804009,1.0,1.5689549944855141,0,0
106.43035767282629,1.0,1.5865896932663264,0,0
106.48635324192742,1.0,1.5076012513528791,0,0
106.5423615710486,1.0,1.506527377068211,0,0
106.59838265587665,1.0,1.3296307597253947,0,0
106.65441649207995,1.0,1.5163037955028704,0,0
106.71046307530851,1.0,1.4506186132850232,0,0
106.7665224011939,1.0,1.5245340862600438,0,0
106.82259446534921,1.0,1.5924198711843267,0,0
106.87867926336915,1.0,1.490362885438359,0,0
106.93477679082984,1.0,1.7004141856967303,0,0
106.99088704328898,1.0,1.543251393145908,0,0
107.04701001628567,1.0,1.6299110887129038,0,0
107.1031457053405,1.0,1.561004183020898,0,0
107.15929410595547,1.0,1.4657871545773775,0,0
107.215455213614,1.0,1.517182851973393,0,0
107.27162902378092,1.0,1.5012859486197574,0,0
107.32781553190236,1.0,1.5651276983917024,0,0
107.38401473340588,1.0,1.6117956773080182,0,0
107.44022662370028,1.0,1.5574603770193387,0,0
107.49645119817572,1.0,1.503792497157336,0,0
107.55268845220365,1.0,1.5673259247097506,0,0
107.60893838113674,1.0,1.707117513059241,0,0
107.66520098030894,1.0,1.5385036246027957,0,0
107.72147624503538,1.0,1.5413740347870422,0,0
107.77776417061243,1.0,1.4397003899425957,0,0
107.8340647523176,1.0,1.5621116734525469,0,0
107.89037798540963,1.0,1.5395773978204628,0,0
107.94670386512828,1.0,1.5767710622756899,0,0
108.00304238669456,1.0,1.4596728214548884,0,0
108.05939354531047,1.0,1.6534460766357002,0,0
108.11575733615913,1.0,1.5739872455406057,0,0
108.17213375440474,1.0,1.5536944165777646,0,0
108.22852279519245,1.0,1.7100408575808348,0,0
108.2849244536485,1.0,1.6246208907052233,0,0
108.34133872488009,1.0,1.5357719550498543,0,0
108.39776560397539,1.0,1.4253655632512061,0,0
108.45420508600353,1.0,1.5018861391423168,0,0
108.51065716601454,1.0,1.5692799045774675,0,0
108.56712183903937,1.0,1.6238455357335637,0,0
108.6235991000899,1.0,1.7040306815865471,0,0
108.68008894415883,1.0,1.5291609821482453,0,0
108.73659136621967,1.0,1.6048086291282524,0,0
108.79310636122683,1.0,1.5808326256512149,0,0
108.8496339241155,1.0,1.5598671612371904,0,0
108.90617404980159,1.0,1.3723953891841127,0,0
108.96272673318184,1.0,1.5881143034209237,0,0
109.0192919691337,1.0,1.662721686046564,0,0
109.07586975251536,1.0,1.633835600152582,0,0
109.13246007816568,1.0,1.5049844608706011,0,0
109.1890629409042,1.0,1.5906296543611615,0,0
109.24567833553112,1.0,1.5616728485121172,0,0
109.30230625682728,1.0,1.433392858526935,0,0
109.35894669955414,1.0,1.6098441785161803,0,0
109.41559965845369,1.0,1.5720794848609736,0,0
109.47226512824858,1.0,1.4933129239274732,0,0
109.52894310364195,1.0,1.4169540400834222,0,0
109.58563357931749,1.0,1.5699385260272989,0,0
109.64233654993939,1.0,1.4473866930670953,0,0
109.69905201015233,1.0,1.3957544454170607,0,0
109.75577995458146,1.0,1.5090745521521696,0,0
109.81252037783236,1.0,1.6051803058717078,0,0
109.86927327449101,1.0,1.5748002373759749,0,0
109.92603863912387,1.0,1.580531163435411,0,0
109.9828164662777,1.0,1.5827064262428219,0,0
110.03960675047965,1.0,1.605078067375028,0,0
110.0964094862372,1.0,1.4894463072913824,0,0
110.1532246680382,1.0,1.5484000960395272,0,0
110.2100522903507,1.0,1.295371491952303,0,0
110.2668923476231,1.0,1.4600723642845959,0,0
110.32374483428401,1.0,1.4105930821550805,0,0
110.38060974474232,1.0,1.542793176412957,0,0
110.43748707338705,1.0,1.4659793154033744,0,0
110.49437681458751,1.0,1.5480176781685644,0,0
110.5512789626931,1.0,1.618522177083224,0,0
110.60819351203341,1.0,1.4822027779049047,0,0
110.66512045691812,1.0,1.4454518382613943,0,0
110.72205979163707,1.0,1.4514059443167813,0,0
110.77901151046011,1.0,1.5771160386958984,0,0
110.83597560763721,1.0,1.5065973179833665,0,0
110.89295207739838,1.0,1.6139390240367613,0,0
110.94994091395361,1.0,1.5269048645679921,0,0
111.00694211149292,1.0,1.5174116261188215,0,0
111.0639556641863,1.0,1.5346313437997314,0,0
111.12098156618367,1.0,1.4624612623293505,0,0
111.17801981161497,1.0,1.5605595907274308,0,0
111.23507039458994,1.0,1.5337045687119881,0,0
111.29213330919828,1.0,1.6603060098795435,0,0
111.34920854950954,1.0,1.4567826789063878,0,0
111.40629610957313,1.0,1.5913787672723663,0,0
111.46339598341831,1.0,1.573460753823945,0,0
111.52050816505408,1.0,1.5706334122348553,0,0
111.57763264846929,1.0,1.5171214839866298,0,0
111.6347694276325,1.0,1.5484922697027392,0,0
111.69191849649211,1.0,1.4584004533946877,0,0
111.74907984897612,1.0,1.4746795581833398,0,0
111.80625347899229,1.0,1.384110297538086,0,0
111.86343938042809,1.0,1.5499673229670197,0,0
111.92063754715059,1.0,1.5026360856785066,0,0
111.97784797300653,1.0,1.625051428692963,0,0
112.03507065182224,1.0,1.41053570305987,0,0
112.09230557740366,1.0,1.5210587463829617,0,0
112.1495527435363,1.0,1.5419720833336183,0,0
112.20681214398525,1.0,1.5455536982813247,0,0
112.26408377249507,1.0,1.466466653637762,0,0
112.32136762278986,1.0,1.5845711286497886,0,0
112.37866368857323,1.0,1.479428294084502,0,0
112.43597196352823,1.0,1.541872729711948,0,0
112.49329244131734,1.0,1.4457688230735541,0,0
112.55062511558248,1.0,1.3591762417846993,0,0
112.60796997994498,1.0,1.4265241720297055,0,0
112.66532702800555,1.0,1.3917484760478915,0,0
112.72269625334424,1.0,1.6082194681493298,0,0
112.78007764952044,1.0,1.533843758195281,0,0
112.83747121007286,1.0,1.4367788659271317,0,0
112.89487692851952,1.0,1.5842132796233714,0,0
112.9522947983577,1.0,1.377526076174338,0,0
113.00972481306391,1.0,1.4946910084864495,0,0
113.06716696609394,1.0,1.4552457547078186,0,0
113.12462125088274,1.0,1.4216391244398268,0,0
113.18208766084447,1.0,1.5192060479620086,0,0
113.23956618937245,1.0,1.4509310108568119,0,0
113.29705682983915,1.0,1.5009272620886016,0,0
113.35455957559617,1.0,1.4589323286274223,0,0
113.41207441997418,1.0,1.5013769555669456,0,0
113.46960135628296,1.0,1.6346120985584207,0,0
113.52714037781136,1.0,1.4321000504382593,0,0
113.58469147782723,1.0,1.5035070596789344,0,0
113.64225464957747,1.0,1.5815250653304844,0,0
113.69982988628792,1.0,1.5033298211389254,0,0
113.75741718116345,1.0,1.4822763184908385,0,0
113.81501652738785,1.0,1.319569586543898,0,0
113.87262791812387,1.0,1.5459380127576485,0,0
113.93025134651315,1.0,1.6405042321690901,0,0
113.9878868056762,1.0,1.5541307735284806,0,0
114.0455342887124,1.0,1.4428870322036942,0,0
114.10319378870001,1.0,1.549072719730173,0,0
114.16086529869608,1.0,1.5025588588277274,0,0
114.21854881173644,1.0,1.523711950562516,0,0
114.27624432083576,1.0,1.4910551644963874,0,0
114.33395181898743,1.0,1.3926891971996773,0,0
114.39167129916356,1.0,1.315889981843754,0,0
114.44940275431503,1.0,1.498105101885131,0,0
114.50714617737134,1.0,1.4546647849611092,0,0
114.56490156124073,1.0,1.4941229852899305,0,0
114.62266889881003,1.0,1.3892517746574038,0,0
114.68044818294476,1.0,1.4718986091756567,0,0
114.73823940648899,1.0,1.4020894234812178,0,0
114.79604256226543,1.0,1.3204304479445148,0,0
114.85385764307532,1.0,1.46322439389197,0,0
114.91168464169843,1.0,1.512342836408585,0,0
114.96952355089307,1.0,1.4626427210650412,0,0
115.02737436339606,1.0,1.4873789917229154,0,0
115.0852370719227,1.0,1.3867245729937838,0,0
115.14311166916673,1.0,1.5427380159117974,0,0
115.2009981478003,1.0,1.3497786263791527,0,0
115.25889650047404,1.0,1.390914982182701,0,0
115.3168067198169,1.0,1.4807058900050638,0,0
115.37472879843625,1.0,1.5150115802911523,0,0
115.4326627289178,1.0,1.4260186648343418,0,0
115.49060850382557,1.0,1.441978982316537,0,0
115.5485661157019,1.0,1.4138051162131333,0,0
115.60653555706742,1.0,1.4325257636742446,0,0
115.664516820421,1.0,1.5137081834755948,0,0
115.72250989823976,1.0,1.5149573307144406,0,0
115.78051478297904,1.0,1.4525960927504846,0,0
115.83853146707239,1.0,1.518725183208961,0,0
115.89655994293153,1.0,1.5754223677230825,0,0
115.95460020294632,1.0,1.4494699282066144,0,0
116.0126522394848,1.0,1.4892098393078712,0,0
116.07071604489303,1.0,1.3863258813511166,0,0
116.12879161149525,1.0,1.6118278424190466,0,0
116.18687893159372,1.0,1.498905587238639,0,0
116.2449779974688,1.0,1.342232967383516,0,0
116.30308880137878,1.0,1.3696026075083008,0,0
116.36121133556006,1.0,1.51116356821042,0,0
116.41934559222693,1.0,1.5256427812178956,0,0
116.4774915635717,1.0,1.434707845563637,0,0
116.53564924176462,1.0,1.564136870018555,0,0
116.59381861895382,1.0,1.4176673256481693,0,0
116.65199968726535,1.0,1.2923262262694926,0,0
116.71019243880313,1.0,1.3687108678942126,0,0
116.76839686564894,1.0,1.5123899327304815,0,0
116.82661295986237,1.0,1.4558176125717848,0,0
116.88484071348086,1.0,1.3554645456967014,0,0
116.94308011851956,1.0,1.46971032662023,0,0
117.00133116697148,1.0,1.453909692397912,0,0
117.05959385080732,1.0,1.4323756961949041,0,0
117.11786816197552,1.0,1.4489328201997616,0,0
117.17615409240221,1.0,1.4106069735729339,0,0
117.23445163399121,1.0,1.34697764217759,0,0
117.292760778624,1.0,1.5482212902120103,0,0
117.35108151815969,1.0,1.420936860328881,0,0
117.409413844435,1.0,1.4067331705853023,0,0
117.46775774926425,1.0,1.4034480126577127,0,0
117.52611322443936,1.0,1.4052878429451545,0,0
117.58448026172974,1.0,1.4934290013755736,0,0
117.64285885288237,1.0,1.299951426412339,0,0
117.70124898962175,1.0,1.2976634566494507,0,0
117.75965066364981,1.0,1.285998532202684,0,0
117.81806386664601,1.0,1.466079477819569,0,0
117.87648859026721,1.0,1.4164067233305553,0,0
117.93492482614772,1.0,1.2798874203910517,0,0
117.9933725658992,1.0,1.3802334403934122,0,0
118.05183180111075,1.0,1.3551496485938819,0,0
118.11030252334879,1.0,1.345661020698011,0,0
118.16878472415706,1.0,1.3719158383916268,0,0
118.22727839505666,1.0,1.264284440567071,0,0
118.28578352754596,1.0,1.3451181186376548,0,0
118.34430011310059,1.0,1.4531145589717902,0,0
118.40282814317341,1.0,1.3611190929654569,0,0
118.46136760919455,1.0,1.3801307185569676,0,0
118.51991850257136,1.0,1.3822252374325434,0,0
118.57848081468828,1.0,1.4371847611131157,0,0
118.637054536907,1.0,1.2605704344644846,0,0
118.69563966056633,1.0,1.571745230190395,0,0
118.75423617698218,1.0,1.4223239122584672,0,0
118.81284407744755,1.0,1.5602197305269179,0,0
118.87146335323257,1.0,1.4687870972585728,0,0
118.93009399558439,1.0,1.3784338800146445,0,0
118.98873599572715,1.0,1.4267273246490757,0,0
119.0473893448621,1.0,1.3578533431016808,0,0
119.10605403416736,1.0,1.3643101308626198,0,0
119.16473005479811,1.0,1.4696914339848122,0,0
119.22341739788645,1.0,1.4617773168854762,0,0
119.2821160545414,1.0,1.3215889565662673,0,0
119.34082601584888,1.0,1.169728954847218,0,0
119.39954727287169,1.0,1.3108414963546355,0,0
119.4582798166495,1.0,1.2837945893029785,0,0
119.51702363819881,1.0,1.320042590055351,0,0
119.57577872851294,1.0,1.3506725191767768,0,0
119.63454507856204,1.0,1.3420376958300804,0,0
119.69332267929298,1.0,1.3429554560488512,0,0
119.75211152162937,1.0,1.4180556601582779,0,0
119.81091159647163,1.0,1.2722774431649269,0,0
119.86972289469682,1.0,1.2558324369126443,0,0
119.92854540715871,1.0,1.3062212969438036,0,0
119.98737912468775,1.0,1.3690836471461802,0,0
120.046224038091,1.0,1.1492440299877937,0,0
120.1050801381522,1.0,1.256613250620481,0,0
120.16394741563164,1.0,1.2599017000768977,0,0
120.2228258612662,1.0,1.3574563246814926,0,0
120.28171546576934,1.0,1.2991622529598181,0,0
120.34061621983102,1.0,1.1788624737751205,0,0
120.39952811411774,1.0,1.3798436091527253,0,0
120.45845113927254,1.0,1.4135244023952875,0,0
120.51738528591483,1.0,1.3264410085059313,0,0
120.57633054464054,1.0,1.435755463161908,0,0
120.63528690602205,1.0,1.36060141626747,0,0
120.69425436060807,1.0,1.3334743481756894,0,0
120.75323289892376,1.0,1.4097242972342232,0,0
120.81222251147061,1.0,1.4379396686176351,0,0
120.87122318872647,1.0,1.360528806480165,0,0
120.93023492114554,1.0,1.3471039318352283,0,0
120.98925769915829,1.0,1.4115263396424542,0,0
121.04829151317142,1.0,1.3974712414466666,0,0
121.107336353568,1.0,1.439315169606519,0,0
121.16639221070724,1.0,1.424621198370021,0,0
121.22545907492461,1.0,1.3076979667090005,0,0
121.28453693653177,1.0,1.3778449761953369,0,0
121.34362578581653,1.0,1.5083226804591343,0,0
121.40272561304286,1.0,1.394700717678528,0,0
121.46183640845089,1.0,1.2490934931175302,0,0
121.5209581622568,1.0,1.3425403503237041,0,0
121.58009086465292,1.0,1.40494839656797,0,0
121.6392345058076,1.0,1.3054203543381395,0,0
121.69838907586521,1.0,1.3731143573977282,0,0
121.75755456494622,1.0,1.3100279259352976,0,0
121.81673096314705,1.0,1.4092226523458284,0,0
121.87591826054009,1.0,1.3765000698874854,0,0
121.9351164471737,1.0,1.3384919368963906,0,0
121.99432551307221,1.0,1.373635492699448,0,0
122.05354544823581,1.0,1.3818053346737877,0,0
122.11277624264062,1.0,1.3974442992967961,0,0
122.17201788623862,1.0,1.309762056811812,0,0
122.23127036895762,1.0,1.5102729966262607,0,0
122.2905336807013,1.0,1.4201134851365043,0,0
122.34980781134911,1.0,1.2528794585204364,0,0
122.40909275075632,1.0,1.3725787450243503,0,0
122.46838848875393,1.0,1.4341784474656136,0,0
122.52769501514872,1.0,1.4013164927974386,0,0
122.58701231972316,1.0,1.4290628879661396,0,0
122.64634039223543,1.0,1.3902722717220406,0,0
122.7056792224194,1.0,1.2869330849793106,0,0
122.7650287999846,1.0,1.363378879717337,0,0
122.8243891146162,1.0,1.4719575150866304,0,0
122.88376015597493,1.0,1.407725754226294,0,0
122.94314191369719,1.0,1.3140458400196018,0,0
123.00253437739492,1.0,1.3947756989357567,0,0
123.06193753665562,1.0,1.274007084705424,0,0
123.1213513810423,1.0,1.3686176011892597,0,0
123.1807759000935,1.0,1.2485138793053854,0,0
123.24021108332322,1.0,1.3855882940762136,0,0
123.29965692022097,1.0,1.337567812821998,0,0
123.35911340025167,1.0,1.2660516768852557,0,0
123.41858051285568,1.0,1.3226238964265944,0,0
123.47805824744876,1.0,1.2492665024221679,0,0
123.53754659342204,1.0,1.3694803680495613,0,0
123.59704554014202,1.0,1.2867223235081011,0,0
123.65655507695054,1.0,1.2774728199786993,0,0
123.71607519316476,1.0,1.2850819045471515,0,0
123.7756058780771,1.0,1.422493466689391,0,0
123.83514712095533,1.0,1.2771116930123387,0,0
123.89469891104241,1.0,1.396984768504427,0,0
123.95426123755657,1.0,1.2108157382467215,0,0
124.01383408969122,1.0,1.232768366156145,0,0
124.07341745661495,1.0,1.341944706440472,0,0
124.13301132747159,1.0,1.307795332804946,0,0
124.19261569138004,1.0,1.2652688735834692,0,0
124.25223053743436,1.0,1.2910767101158047,0,0
124.31185585470372,1.0,1.3690092021836238,0,0
124.37149163223238,1.0,1.268760662782221,0,0
124.43113785903964,1.0,1.2988264288852533,0,0
124.49079452411983,1.0,1.2254624172407786,0,0
124.55046161644236,1.0,1.2213912284663737,0,0
124.61013912495159,1.0,1.274003353020131,0,0
124.66982703856686,1.0,1.3407439872732883,0,0
124.7295253461825,1.0,1.2069339623592727,0,0
124.78923403666775,1.0,1.23663629234399,0,0
124.84895309886676,1.0,1.167742812982896,0,0
124.90868252159859,1.0,1.3944844124151972,0,0
124.96842229365717,1.0,1.3092539130607082,0,0
125.02817240381128,1.0,1.1799449357176308,0,0
125.08793284080454,1.0,1.1829944016048515,0,0
125.14770359335537,1.0,1.3443959770627592,0,0
125.20748465015696,1.0,1.2727153506071138,0,0
125.2672759998773,1.0,1.2953291622876906,0,0
125.32707763115911,1.0,1.261060460085294,0,0
125.38688953261985,1.0,1.2880846331774838,0,0
125.44671169285166,1.0,1.2583414306712184,0,0
125.50654410042141,1.0,1.1748474177218684,0,0
125.56638674387057,1.0,1.2524432521213646,0,0
125.62623961171528,1.0,1.3444364062294483,0,0
125.68610269244633,1.0,1.2440159823873167,0,0
125.74597597452907,1.0,1.2596201021459557,0,0
125.80585944640345,1.0,1.0860534325957822,0,0
125.86575309648396,1.0,1.270930901545317,0,0
125.92565691315963,1.0,1.3589823831720484,0,0
125.98557088479402,1.0,1.2989261299741124,0,0
126.04549499972518,1.0,1.2979863209449483,0,0
126.10542924626566,1.0,1.3649037260102561,0,0
126.16537361270238,1.0,1.2924502898104,0,0
126.22532808729679,1.0,1.1324184390765657,0,0
126.2852926582847,1.0,1.3076586871193208,0,0
126.34526731387633,1.0,1.2217934828517243,0,0
126.40525204225625,1.0,1.3350138223314132,0,0
126.46524683158337,1.0,1.3134853257443708,0,0
126.52525166999098,1.0,1.2531316164045103,0,0
126.58526654558662,1.0,1.1920144846660232,0,0
126.64529144645215,1.0,1.273427064333977,0,0
126.70532636064368,1.0,1.3750283468609794,0,0
126.76537127619159,1.0,1.3360740533215771,0,0
126.82542618110045,1.0,1.1386614243127522,0,0
126.88549106334904,1.0,1.2748989048564634,0,0
126.94556591089034,1.0,1.3272248743499857,0,0
127.00565071165148,1.0,1.3858872226771712,0,0
127.06574545353374,1.0,1.213258449711142,0,0
127.12585012441251,1.0,1.2084906109446651,0,0
127.18596471213728,1.0,1.3050151761704363,0,0
127.24608920453161,1.0,1.1687078221174545,0,0
127.30622358939317,1.0,1.22195746169847,0,0
127.36636785449359,1.0,1.1500126375106223,0,0
127.42652198757855,1.0,1.210091250959436,0,0
127.48668597636777,1.0,1.3712474561944281,0,0
127.54685980855487,1.0,1.1762396786996792,0,0
127.60704347180749,1.0,1.2049396950368703,0,0
127.66723695376713,1.0,1.2302763876913636,0,0
127.72744024204928,1.0,1.0977749522452829,0,0
127.7876533242433,1.0,1.295149476255931,0,0
127.84787618791239,1.0,1.1707854119602998,0,0
127.90810882059363,1.0,1.1830502930182067,0,0
127.96835120979793,1.0,1.1583791892071125,0,0
128.02860334301002,1.0,1.179627576279911,0,0
128.08886520768837,1.0,1.178005235443039,0,0
128.14913679126528,1.0,1.237315305411071,0,0
128.2094180811468,1.0,1.2513271296799522,0,0
128.26970906471263,1.0,1.1838709555251672,0,0
128.33000972931626,1.0,1.1554728623924562,0,0
128.39032006228487,1.0,1.2309305578721006,0,0
128.45064005091922,1.0,1.1189839129933914,0,0
128.51096968249382,1.0,1.1823170766492688,0,0
128.5713089442567,1.0,1.2339606512506422,0,0
128.63165782342963,1.0,1.1941851399191796,0,0
128.69201630720787,1.0,1.1083082633302968,0,0
128.75238438276023,1.0,1.4136342993266655,0,0
128.8127620372291,1.0,1.2237203487973791,0,0
128.87314925773046,1.0,1.2771234682752555,0,0
128.93354603135367,1.0,1.1062597481803265,0,0
128.99395234516163,1.0,1.2326051835673388,0,0
129.05436818619074,1.0,1.2121429083043016,0,0
129.11479354145078,1.0,1.2782143431632227,0,0
129.17522839792497,1.0,1.1746309189522672,0,0
129.23567274257,1.0,1.3292190969317623,0,0
129.29612656231578,1.0,1.2576251194993489,0,0
129.35658984406575,1.0,1.301377617434955,0,0
129.41706257469667,1.0,1.1601333495239494,0,0
129.4775447410585,1.0,1.2030776523112914,0,0
129.5380363299746,1.0,1.2962598717416751,0,0
129.59853732824166,1.0,1.2857802739797966,0,0
129.65904772262945,1.0,1.2218759486630646,0,0
129.71956749988115,1.0,1.174631105820272,0,0
129.7800966467131,1.0,1.2046570273754145,0,0
129.84063514981483,1.0,1.2446595543070078,0,0
129.90118299584907,1.0,1.244971901691554,0,0
129.9617401714517,1.0,1.14604349046349,0,0
130.02230666323175,1.0,1.1575192792181173,0,0
130.08288245777135,1.0,1.1316913663129684,0,0
130.1434675416257,1.0,1.418710245168459,0,0
130.2040619013232,1.0,1.2892335162341955,0,0
130.26466552336518,1.0,1.353466115705698,0,0
130.32527839422607,1.0,1.2011294199968252,0,0
130.3859005003533,1.0,1.2213627185682294,0,0
130.4465318281673,1.0,1.1713953446094296,0,0
130.50717236406152,1.0,1.2656254298565457,0,0
130.5678220944023,1.0,1.2187766565068119,0,0
130.62848100552898,1.0,1.123425654341018,0,0
130.6891490837538,1.0,1.1858932858782423,0,0
130.74982631536187,1.0,1.0238713932963712,0,0
130.81051268661122,1.0,1.2225209391821696,0,0
130.8712081837327,1.0,1.2898266691530078,0,0
130.93191279293006,1.0,1.2290265494915207,0,0
130.99262650037986,1.0,1.2248399871679283,0,0
131.05334929223136,1.0,1.1658869085354346,0,0
131.11408115460677,1.0,1.1007472777393852,0,0
131.17482207360086,1.0,1.144461215074013,0,0
131.23557203528134,1.0,1.1022843136743525,0,0
131.29633102568852,1.0,1.042915546199442,0,0
131.3570990308354,1.0,1.0402387654162228,0,0
131.41787603670778,1.0,1.2126966534256407,0,0
131.478662029264,1.0,1.064126026016026,0,0
131.5394569944351,1.0,1.1213047017448874,0,0
131.60026091812472,1.0,1.0229110882806212,0,0
131.6610737862091,1.0,1.1399277181410783,0,0
131.72189558453715,1.0,1.1105395778338034,0,0
131.78272629893019,1.0,1.0376401975466105,0,0
131.84356591518218,1.0,1.235950061252191,0,0
131.90441441905966,1.0,1.1987326644974194,0,0
131.96527179630152,1.0,1.1076055569635834,0,0
132.02613803261926,1.0,1.1545289447147538,0,0
132.0870131136968,1.0,1.1749836854417202,0,0
132.1478970251905,1.0,1.0532177034157066,0,0
132.20878975272916,1.0,1.150747277196152,0,0
132.26969128191405,1.0,1.1814306408985702,0,0
132.3306015983187,1.0,1.087897642797296,0,0
132.3915206874891,1.0,1.1531025325002808,0,0
132.45244853494356,1.0,1.095485444170643,0,0
132.51338512617272,1.0,1.197485432488864,0,0
132.57433044663955,1.0,1.2615421753826088,0,0
132.63528448177928,1.0,1.2844064239405237,0,0
132.69624721699944,1.0,1.101714082283119,0,0
132.75721863767978,1.0,1.2005798986107545,0,0
132.8181987291723,1.0,1.1775429437388845,0,0
132.8791874768013,1.0,1.252842293558641,0,0
132.94018486586305,1.0,1.1502180140127714,0,0
133.00119088162623,1.0,1.1013588841448254,0,0
133.0622055093316,1.0,1.1444887316363828,0,0
133.12322873419197,1.0,1.3269944295802367,0,0
133.1842605413924,1.0,1.0037863402246738,0,0
133.24530091608995,1.0,1.1411269366315886,0,0
133.3063498434138,1.0,1.1907616174992572,0,0
133.3674073084652,1.0,1.0805545975809232,0,0
133.42847329631746,1.0,1.2179485628234348,0,0
133.4895477920158,1.0,1.2254586005850396,0,0
133.5506307805776,1.0,1.0378680097425232,0,0
133.6117222469921,1.0,1.06533926552231,0,0
133.67282217622054,1.0,1.168904707746029,0,0
133.73393055319616,1.0,1.101815947753946,0,0
133.79504736282405,1.0,1.1801092746167046,0,0
133.8561725899813,1.0,1.3039076973435582,0,0
133.91730621951677,1.0,1.1897638061866451,0,0
133.97844823625132,1.0,1.1467764301895225,0,0
134.03959862497751,1.0,1.0950415594075675,0,0
134.1007573704599,1.0,1.0251685732053386,0,0
134.1619244574347,1.0,1.1188766653521796,0,0
134.22309987061004,1.0,1.202089232425062,0,0
134.2842835946658,1.0,1.0232651952299676,0,0
134.3454756142536,1.0,1.1851464394067708,0,0
134.40667591399674,1.0,1.0973812722519938,0,0
134.46788447849033,1.0,1.0352967682365282,0,0
134.52910129230116,1.0,1.1706561634775308,0,0
134.5903263399677,1.0,1.1359644684095063,0,0
134.65155960600003,1.0,1.2132900593903715,0,0
134.71280107487993,1.0,1.1257648605975856,0,0
134.77405073106084,1.0,1.0639468085281052,0,0
134.8353085589677,1.0,1.1547457588064893,0,0
134.8965745429972,1.0,1.1100646368048241,0,0
134.9578486675174,1.0,1.1590866302006544,0,0
135.01913091686802,1.0,1.172561572338314,0,0
135.08042127536038,1.0,1.0281029385762035,0,0
135.1417197272772,1.0,1.0908244817588766,0,0
135.20302625687276,1.0,1.097474703114158,0,0
135.2643408483728,1.0,1.0555932819400118,0,0
135.3256634859745,1.0,1.087179596554198,0,0
135.3869941538465,1.0,1.0753604592426993,0,0
135.44833283612888,1.0,1.1259062662168373,0,0
135.50967951693312,1.0,1.1308379664542816,0,0
135.57103418034205,1.0,1.1807621448542613,0,0
135.6323968104099,1.0,1.0351473491241525,0,0
135.6937673911622,1.0,1.2315754253559903,0,0
135.75514590659594,1.0,1.151760918429327,0,0
135.81653234067926,1.0,1.0611825608533692,0,0
135.87792667735175,1.0,0.9823284565215449,0,0
135.93932890052412,1.0,1.090170179203299,0,0
136.00073899407846,1.0,1.200402973865993,0,0
136.06215694186807,1.0,1.1070504983802072,0,0
136.1235827277174,1.0,1.3132698950632034,0,0
136.18501633542226,1.0,1.1062848935088139,0,0
136.2464577487495,1.0,1.1362931033974608,0,0
136.3079069514372,1.0,1.1952099597918955,0,0
136.36936392719457,1.0,1.2123088699759155,0,0
136.43082865970194,1.0,1.1420194739785698,0,0
136.49230113261086,1.0,1.2921240257202473,0,0
136.55378132954385,1.0,1.1495475719025583,0,0
136.61526923409454,1.0,1.1374186551749066,0,0
136.67676482982765,1.0,1.0823868423053398,0,0
136.7382681002789,1.0,1.0602274997704506,0,0
136.79977902895513,1.0,1.1282016476161003,0,0
136.86129759933408,1.0,1.1628938369722412,0,0
136.92282379486448,1.0,1.1556563712638426,0,0
136.98435759896614,1.0,1.186520119895985,0,0
137.0458989950297,1.0,1.190023652291333,0,0
137.10744796641683,1.0,1.0775475014345024,0,0
137.1690044964601,1.0,1.0749700933518995,0,0
137.2305685684629,1.0,1.079612595225536,0,0
137.2921401656996,1.0,1.2457427279846118,0,0
137.3537192714154,1.0,1.1608943790750168,0,0
137.41530586882638,1.0,1.0932464275907026,0,0
137.47689994111937,1.0,1.0953741168773372,0,0
137.53850147145212,1.0,1.11653416177351,0,0
137.60011044295305,1.0,1.0982851322911684,0,0
137.6617268387215,1.0,1.1981642674845512,0,0
137.72335064182744,1.0,1.1908213063503617,0,0
137.78498183531167,1.0,1.0891356350165242,0,0
137.84662040218575,1.0,1.2619359361298785,0,0
137.90826632543178,1.0,1.0015458693827797,0,0
137.96991958800277,1.0,1.1200325203722339,0,0
138.0315801728222,1.0,1.2113312813872947,0,0
138.09324806278434,1.0,1.1265251061205126,0,0
138.15492324075407,1.0,1.1810106195689893,0,0
138.2166056895669,1.0,1.076328449773203,0,0
138.2782953920289,1.0,1.2157236459415313,0,0
138.33999233091677,1.0,1.1633888987284515,0,0
138.4016964889778,1.0,1.234092302371541,0,0
138.46340784892973,1.0,1.11905870522417,0,0
138.525126393461,1.0,1.0730931405443525,0,0
138.58685210523043,1.0,1.006812733278803,0,0
138.64858496686742,1.0,1.1694051441378226,0,0
138.7103249609718,1.0,1.1304533383529,0,0
138.77207207011395,1.0,1.0644475533110027,0,0
138.8338262768346,1.0,1.1807277703724273,0,0
138.895587563645,1.0,1.088430662422208,0,0
138.95735591302676,1.0,1.0656556613142256,0,0
139.01913130743196,1.0,1.0055482597348062,0,0
139.08091372928305,1.0,0.9954921313581017,0,0
139.14270316097276,1.0,0.9699283238677124,0,0
139.20449958486427,1.0,1.06761111986515,0,0
139.26630298329104,1.0,1.216838757981457,0,0
139.3281133385569,1.0,1.103283829047295,0,0
139.38993063293594,1.0,1.1939514101247517,0,0
139.45175484867252,1.0,1.1687718592606227,0,0
139.5135859679813,1.0,1.1977332351708643,0,0
139.5754239730472,1.0,1.13849275142457,0,0
139.63726884602536,1.0,1.2041847622716868,0,0
139.69912056904116,1.0,1.134923538303386,0,0
139.7609791241901,1.0,1.1745303030386591,0,0
139.82284449353799,1.0,0.9646024657742966,0,0
139.88471665912073,1.0,1.1275833814795346,0,0
139.9465956029444,1.0,1.0068299466748183,0,0
140.00848130698523,1.0,1.1119305212646193,0,0
140.0703737531895,1.0,1.1359866268374401,0,0
140.1322729234737,1.0,1.1576705382350392,0,0
140.19417879972428,1.0,1.0476306861106948,0,0
140.2560913637979,1.0,1.0803456344759694,0,0
140.31801059752124,1.0,1.1360591664400066,0,0
140.37993648269094,1.0,0.943169783596038,0,0
140.4418690010737,1.0,1.099439955127146,0,0
140.50380813440628,1.0,1.012291973586243,0,0
140.5657538643954,1.0,1.0544646647008704,0,0
140.62770617271775,1.0,1.1017869420770021,0,0
140.68966504101994,1.0,0.9304255898749776,0,0
140.7516304509186,1.0,1.0545881797167247,0,0
140.81360238400026,1.0,1.1254166729024546,0,0
140.87558082182136,1.0,1.0316793424346566,0,0
140.93756574590822,1.0,1.1532073017998195,0,0
140.99955713775702,1.0,1.1346569688914354,0,0
141.0615549788339,1.0,1.0829302780754926,0,0
141.12355925057477,1.0,1.1643091980803615,0,0
141.18556993438537,1.0,1.035591606735423,0,0
141.24758701164131,1.0,1.161492421733008,0,0
141.30961046368793,1.0,1.2693269803909901,0,0
141.3716402718404,1.0,1.0904880434555204,0,0
141.43367641738368,1.0,1.1671184560581924,0,0
141.4957188815725,1.0,0.9719084029166193,0,0
141.5577676456312,1.0,1.224856040739789,0,0
141.619822690754,1.0,1.148453647737952,0,0
141.68188399810475,1.0,1.1887835985159652,0,0
141.74395154881705,1.0,1.1705110603793132,0,0
141.8060253239941,1.0,1.0543683313920669,0,0
141.86810530470882,1.0,1.0783674919868622,0,0
141.93019147200374,1.0,0.9955185552351685,0,0
141.99228380689107,1.0,1.0110310316298707,0,0
142.0543822903526,1.0,1.1031271048396234,0,0
142.11648690333973,1.0,1.148453037030159,0,0
142.17859762677347,1.0,1.0357685556230751,0,0
142.24071444154433,1.0,1.0300367194830864,0,0
142.30283732851248,1.0,0.9478158815264546,0,0
142.36496626850757,1.0,1.2028442864378697,0,0
142.42710124232877,1.0,1.1019602063968623,0,0
142.48924223074482,1.0,0.923292295987256,0,0
142.5513892144939,1.0,1.1189792979541637,0,0
142.61354217428368,1.0,1.1897401610497251,0,0
142.6757010907913,1.0,1.0727108047682046,0,0
142.73786594466338,1.0,0.9370529271070093,0,0
142.800036716516,1.0,1.1485895829226662,0,0
142.8622133869345,1.0,1.0103842957753641,0,0
142.92439593647384,1.0,1.1353925777761018,0,0
142.98658434565831,1.0,1.2753174259453486,0,0
143.0487785949815,1.0,1.0606623661884447,0,0
143.11097866490644,1.0,1.095087639145393,0,0
143.17318453586546,1.0,1.0663015717168243,0,0
143.23539618826027,1.0,1.2286244115070728,0,0
143.29761360246192,1.0,1.1754894930728914,0,0
143.35983675881067,1.0,1.157631462368431,0,0
143.42206563761619,1.0,0.9534375385935306,0,0
143.48430021915732,1.0,1.1544883760164895,0,0
143.5465404836823,1.0,1.0834968275412362,0,0
143.60878641140843,1.0,1.0174710926520214,0,0
143.67103798252242,1.0,1.0261207696574797,0,0
143.7332951771801,1.0,1.1102775818933786,0,0
143.7955579755066,1.0,1.0691068234189136,0,0
143.85782635759608,1.0,1.0803130365344025,0,0
143.92010030351207,1.0,1.0827108518879052,0,0
143.98237979328712,1.0,1.0322214046651113,0,0
144.04466480692304,1.0,1.1263531466651884,0,0
144.10695532439064,1.0,1.3518976216649072,0,0
144.16925132563003,1.0,1.135532246992393,0,0
144.23155279055027,1.0,1.1756223530876233,0,0
144.2938596990296,1.0,1.0301757463152361,0,0
144.35617203091533,1.0,1.2147097142790624,0,0
144.4184897660238,1.0,1.1328198537490817,0,0
144.48081288414045,1.0,1.138623529116618,0,0
144.54314136501978,1.0,1.1205579709126872,0,0
144.60547518838524,1.0,1.2439451925500395,0,0
144.66781433392936,1.0,1.1881667416257493,0,0
144.73015878131358,1.0,1.1201785715126542,0,0
144.79250851016843,1.0,0.9458887070981158,0,0
144.85486350009342,1.0,1.1243525550758262,0,0
144.91722373065687,1.0,1.205446608264339,0,0
144.9795891813962,1.0,1.107751107619522,0,0
145.0419598318177,1.0,1.1452108976100766,0,0
145.1043356613966,1.0,1.1821471936944812,0,0
145.166716649577,1.0,1.1983790406661365,0,0
145.22910277577193,1.0,1.1012399069054601,0,0
145.2914940193633,1.0,1.235037399770759,0,0
145.35389035970186,1.0,1.0413696932453778,0,0
145.41629177610722,1.0,0.9798241961165394,0,0
145.4786982478678,1.0,1.1015156687429324,0,0
145.54110975424095,1.0,1.0874223130190988,0,0
145.6035262744527,1.0,1.0849214108307559,0,0
145.66594778769797,1.0,1.2376856976521615,0,0
145.72837427314045,1.0,1.119620976950622,0,0
145.79080570991258,1.0,1.1655082324725945,0,0
145.85324207711562,1.0,1.0158853349019155,0,0
145.9156833538195,1.0,1.0537370433306363,0,0
145.97812951906297,1.0,1.0799520699447962,0,0
146.04058055185345,1.0,0.7840791076928851,0,0
146.1030364311671,1.0,0.8819678685691336,0,0
146.16549713594875,1.0,0.9421330065522876,0,0
146.22796264511192,1.0,0.9463853467813167,0,0
146.29043293753887,1.0,1.3069953657477595,0,0
146.3529079920804,1.0,0.7815515640696412,0,0
146.41538778755606,1.0,1.2599991074052403,0,0
146.477872302754,1.0,1.0711378867945232,0,0
146.540361516431,1.0,0.4888767634574608,0,0
146.60285540731252,1.0,1.5006024289243807,0,0
146.66535163147364,1.0,1.5011261558002187,0,0
