wave,weight,flux,flag,segment
Double,Double,Double,Integer,Integer
micrometer,,Jy,,
Wavelength,weight,flux,flag,segment
139.5754239730472,1.0,1.6724667886516902,0,0
139.63726884602536,1.0,1.4193875698959733,0,0
139.69912056904116,1.0,1.669966385742791,0,0
139.7609791241901,1.0,1.4670204169943446,0,0
139.82284449353799,1.0,1.3536577273685548,0,0
139.88471665912073,1.0,1.462025119147202,0,0
139.9465956029444,1.0,1.4713524752529503,0,0
140.00848130698523,1.0,1.5369160322893973,0,0
140.0703737531895,1.0,1.2994575510807298,0,0
140.1322729234737,1.0,1.4272990317517196,0,0
140.19417879972428,1.0,1.2139798782849391,0,0
140.2560913637979,1.0,1.2621692167767347,0,0
140.31801059752124,1.0,1.1899988543720366,0,0
140.37993648269094,1.0,1.430874828590843,0,0
140.4418690010737,1.0,1.3513618283088011,0,0
140.50380813440628,1.0,1.3302434806243901,0,0
140.5657538643954,1.0,1.4393710004735825,0,0
140.62770617271775,1.0,1.078008141485249,0,0
140.68966504101994,1.0,1.3584343324394716,0,0
140.7516304509186,1.0,1.169053923830098,0,0
140.81360238400026,1.0,1.168170788773925,0,0
140.87558082182136,1.0,1.1814749032079654,0,0
140.93756574590822,1.0,1.1705620606061131,0,0
140.99955713775702,1.0,1.0738659619419229,0,0
141.0615549788339,1.0,1.1575548400435185,0,0
141.12355925057477,1.0,1.0775727973624678,0,0
141.18556993438537,1.0,1.2718933558571033,0,0
141.24758701164131,1.0,1.2603675826062666,0,0
141.30961046368793,1.0,1.1959432919442035,0,0
141.3716402718404,1.0,1.176124603080155,0,0
141.43367641738368,1.0,1.307361940312992,0,0
141.4957188815725,1.0,1.1247078034533156,0,0
141.5577676456312,1.0,1.2013458629883702,0,0
141.619822690754,1.0,1.1385933298404938,0,0
141.68188399810475,1.0,1.1179008036203437,0,0
141.74395154881705,1.0,1.2712694605524202,0,0
141.8060253239941,1.0,1.2712408633097312,0,0
141.86810530470882,1.0,1.1680677387640839,0,0
141.93019147200374,1.0,1.0872467104515033,0,0
141.99228380689107,1.0,1.1193123559694695,0,0
142.0543822903526,1.0,1.1664629463010108,0,0
142.11648690333973,1.0,1.2842306428895718,0,0
142.17859762677347,1.0,1.1423526999579519,0,0
142.24071444154433,1.0,1.0256488865509479,0,0
142.30283732851248,1.0,1.072548535776176,0,0
142.36496626850757,1.0,1.1836376352849896,0,0
142.42710124232877,1.0,0.9668616780259623,0,0
142.48924223074482,1.0,1.2593456536460939,0,0
142.5513892144939,1.0,1.051699798899177,0,0
142.61354217428368,1.0,1.1209090864967872,0,0
142.6757010907913,1.0,1.2864133234641786,0,0
142.73786594466338,1.0,1.0830346201358123,0,0
142.800036716516,1.0,0.9882985906335955,0,0
142.8622133869345,1.0,0.982664447325572,0,0
142.92439593647384,1.0,1.0598917219306492,0,0
142.98658434565831,1.0,1.1130154936998349,0,0
143.0487785949815,1.0,1.1619052568698476,0,0
143.11097866490644,1.0,1.0280408442104179,0,0
143.17318453586546,1.0,1.0409628093616434,0,0
143.23539618826027,1.0,0.8431361757895998,0,0
143.29761360246192,1.0,1.05445559288861,0,0
143.35983675881067,1.0,1.0185433913114843,0,0
143.42206563761619,1.0,0.9875457441932791,0,0
143.48430021915732,1.0,0.8615638869951797,0,0
143.5465404836823,1.0,1.0388712956067414,0,0
143.60878641140843,1.0,0.9977622822077876,0,0
143.67103798252242,1.0,0.8878009005185796,0,0
143.7332951771801,1.0,0.9463181037660523,0,0
143.7955579755066,1.0,1.000412053029618,0,0
143.85782635759608,1.0,1.114811216411016,0,0
143.92010030351207,1.0,1.0278697027259793,0,0
143.98237979328712,1.0,0.9562897601184647,0,0
144.04466480692304,1.0,0.9825113480130321,0,0
144.10695532439064,1.0,1.1628679407917217,0,0
144.16925132563003,1.0,0.9415074953361106,0,0
144.23155279055027,1.0,1.0122137875246189,0,0
144.2938596990296,1.0,0.8088622433096859,0,0
144.35617203091533,1.0,0.8000960065074638,0,0
144.4184897660238,1.0,0.9642466219745357,0,0
144.48081288414045,1.0,0.982263017137599,0,0
144.54314136501978,1.0,0.8811846007046866,0,0
144.60547518838524,1.0,1.1344982284665206,0,0
144.66781433392936,1.0,0.9121146317268642,0,0
144.73015878131358,1.0,0.7706542952175275,0,0
144.79250851016843,1.0,1.0534128865249581,0,0
144.85486350009342,1.0,0.9337144240202173,0,0
144.91722373065687,1.0,0.9422646085440681,0,0
144.9795891813962,1.0,1.037564003902142,0,0
145.0419598318177,1.0,1.0268793832185337,0,0
145.1043356613966,1.0,1.0853907898995576,0,0
145.166716649577,1.0,1.1360632604150092,0,0
145.22910277577193,1.0,0.9357429506035292,0,0
145.2914940193633,1.0,0.7024892148849439,0,0
145.35389035970186,1.0,0.6430851900515375,0,0
145.41629177610722,1.0,1.010566872652748,0,0
145.4786982478678,1.0,0.7669404500789265,0,0
145.54110975424095,1.0,1.1180518358706293,0,0
145.6035262744527,1.0,0.8224545077612452,0,0
145.66594778769797,1.0,1.041519795679079,0,0
145.72837427314045,1.0,0.813480168606409,0,0
145.79080570991258,1.0,0.9613322918921633,0,0
145.85324207711562,1.0,0.871886957372866,0,0
145.9156833538195,1.0,0.9719840282256854,0,0
145.97812951906297,1.0,0.889281530365618,0,0
146.04058055185345,1.0,0.8114600294764573,0,0
146.1030364311671,1.0,1.1723739223166278,0,0
146.16549713594875,1.0,0.9697210622311052,0,0
146.22796264511192,1.0,0.8573071549808843,0,0
146.29043293753887,1.0,0.9709140332959906,0,0
146.3529079920804,1.0,0.9003263501859449,0,0
146.41538778755606,1.0,0.9745641089856141,0,0
146.477872302754,1.0,0.8466915475379556,0,0
146.540361516431,1.0,0.9739308310955728,0,0
146.60285540731252,1.0,0.8934225588906012,0,0
146.66535395409244,1.0,0.7848301379588707,0,0
146.72785713543345,1.0,0.9697148013327712,0,0
146.79036492996664,1.0,0.8218843989987755,0,0
146.85287731629174,1.0,0.8725473481250033,0,0
146.91539427297704,1.0,0.9184496373487269,0,0
146.97791577855935,1.0,1.1741349626869493,0,0
147.04044181154404,1.0,0.9853975687786636,0,0
147.1029723504049,1.0,0.9726857718544839,0,0
147.1655073735844,1.0,0.9598169048357583,0,0
147.2280468594933,1.0,0.8422061423755858,0,0
147.29059078651102,1.0,0.8243420944020591,0,0
147.3531391329853,1.0,1.0066542483250454,0,0
147.4156918772324,1.0,1.025478990333808,0,0
147.47824899753704,1.0,0.9807861520097165,0,0
147.5408104721524,1.0,0.9010555026696294,0,0
147.60337627930002,1.0,1.0875003186876189,0,0
147.66594639716988,1.0,0.856082301221662,0,0
147.7285208039204,1.0,1.234045487313701,0,0
147.79109947767824,1.0,0.8987995924969414,0,0
147.85368239653863,1.0,0.8360675056120203,0,0
147.91626953856505,1.0,1.0518533614339747,0,0
147.97886088178936,1.0,1.0459946637189381,0,0
148.04145640421177,1.0,1.037369470149438,0,0
148.10405608380083,1.0,1.0642804666252055,0,0
148.16665989849338,1.0,1.0593338631576206,0,0
148.2292678261946,1.0,1.0251314257486093,0,0
148.29187984477795,1.0,0.9183512755613238,0,0
148.35449593208523,1.0,0.8992646310206759,0,0
148.4171160659264,1.0,0.8840370048407148,0,0
148.47974022407976,1.0,0.9365476994877029,0,0
148.54236838429196,1.0,1.1291695996407105,0,0
148.60500052427773,1.0,0.7831770910120752,0,0
148.66763662172008,1.0,0.8919613723149263,0,0
148.7302766542703,1.0,0.8383106065327609,0,0
148.79292059954787,1.0,0.9722775497525835,0,0
148.85556843514047,1.0,0.7544306236386102,0,0
148.91822013860394,1.0,1.0447518213816611,0,0
148.9808756874623,1.0,1.085417485404986,0,0
149.0435350592078,1.0,0.8235595257263526,0,0
149.10619823130082,1.0,0.7313794513787296,0,0
149.1688651811699,1.0,1.0753153435838374,0,0
149.23153588621165,1.0,1.023749644009432,0,0
149.29421032379088,1.0,0.9598371374386914,0,0
149.35688847124055,1.0,1.0994883831137872,0,0
149.41957030586164,1.0,0.9059790747355885,0,0
149.48225580492328,1.0,1.035696745509342,0,0
149.54494494566268,1.0,0.9130552505798134,0,0
149.60763770528516,1.0,0.847060337738326,0,0
149.67033406096402,1.0,0.8111548995718335,0,0
149.73303398984075,1.0,1.0592584463136987,0,0
149.79573746902477,1.0,1.0255603540067801,0,0
149.85844447559361,1.0,1.0193248459429178,0,0
149.9211549865928,1.0,0.9411722873965946,0,0
149.98386897903592,1.0,0.9902743029248423,0,0
150.0465864299045,1.0,0.7607049555850914,0,0
150.10930731614815,1.0,0.8941498960529191,0,0
150.17203161468444,1.0,0.9972880572232868,0,0
150.2347593023989,1.0,0.8077019915970258,0,0
150.29749035614503,1.0,0.9519018032940637,0,0
150.36022475274436,1.0,0.9182445021202756,0,0
150.42296246898627,1.0,0.9473243635049632,0,0
150.4857034816282,1.0,1.0716770929057882,0,0
150.5484477673955,1.0,1.0101181775909764,0,0
150.6111953029813,1.0,0.9838447800099072,0,0
150.67394606504683,1.0,1.3399371054781748,0,0
150.73670003022113,1.0,0.96512185489422,0,0
150.79945717510122,1.0,0.9158092558513758,0,0
150.86221747625197,1.0,0.9933864934189484,0,0
150.9249809102061,1.0,0.9757141456990461,0,0
150.9877474534642,1.0,1.044910402507335,0,0
151.05051708249482,1.0,0.7708039436619755,0,0
151.11328977373427,1.0,0.918208193587408,0,0
151.1760655035867,1.0,0.8709731496664627,0,0
151.23884424842416,1.0,1.029542536913022,0,0
151.3016259845865,1.0,0.9235790811434803,0,0
151.36441068838144,1.0,1.1324525591629313,0,0
151.42719833608444,1.0,0.8756949648756288,0,0
151.48998890393878,1.0,1.191785389938714,0,0
151.55278236815556,1.0,1.1090336930468556,0,0
151.61557870491367,1.0,0.935581807416652,0,0
151.67837789035974,1.0,0.9520709091688094,0,0
151.74117990060822,1.0,0.7598432966978196,0,0
151.80398471174132,1.0,0.9000419920306973,0,0
151.866792299809,1.0,0.8618373550232302,0,0
151.92960264082888,1.0,0.960597483102822,0,0
151.9924157107865,1.0,0.7676163012176418,0,0
152.05523148563498,1.0,1.0139194006170709,0,0
152.1180499412952,1.0,1.0677520718282767,0,0
152.18087105365578,1.0,0.9283051517625919,0,0
152.24369479857307,1.0,0.9801230999341606,0,0
152.30652115187104,1.0,0.9848644121247887,0,0
152.36935008934148,1.0,0.6267441409058621,0,0
152.4321815867437,1.0,0.8423847458677872,0,0
152.49501561980486,1.0,0.8599796410914878,0,0
152.55785216421964,1.0,1.015216639420188,0,0
152.6206911956505,1.0,1.1050771158972157,0,0
152.68353268972749,1.0,0.8046502661301189,0,0
152.7463766220483,1.0,0.9302461445885741,0,0
152.80922296817835,1.0,0.8574191210528413,0,0
152.8720717036506,1.0,0.7999143293688251,0,0
152.93492280396572,1.0,0.9372935926018455,0,0
152.99777624459188,1.0,1.1751991657970187,0,0
153.06063200096497,1.0,0.925737550539856,0,0
153.12349004848846,1.0,1.0409306277385229,0,0
153.18635036253346,1.0,0.656762654362468,0,0
153.24921291843856,1.0,0.853837113308971,0,0
153.31207769151,1.0,0.796320370695376,0,0
153.3749446570217,1.0,0.8393521363930639,0,0
153.43781379021496,1.0,1.2655576528263248,0,0
153.5006850662988,1.0,1.0072477770177803,0,0
153.56355846044966,1.0,0.9104489402895116,0,0
153.62643394781173,1.0,0.8150879180487417,0,0
153.68931150349658,1.0,1.0285162606092606,0,0
153.75219110258342,1.0,0.7656332932721057,0,0
153.8150727201189,1.0,0.8986663855861062,0,0
153.87795633111733,1.0,0.9414688203173616,0,0
153.94084191056038,1.0,1.030764067537499,0,0
154.00372943339735,1.0,0.8857077901941844,0,0
154.06661887454504,1.0,0.9926935866961621,0,0
154.12951020888775,1.0,0.96262339020747,0,0
154.19240341127724,1.0,0.8502910271501721,0,0
154.25529845653278,1.0,1.0239998913245438,0,0
154.3181953194412,1.0,1.0282530392760747,0,0
154.38109397475665,1.0,0.8087365083156323,0,0
154.44399439720098,1.0,0.969843728191288,0,0
154.5068965614633,1.0,0.8516936160963076,0,0
154.56980044220026,1.0,1.2388212887233847,0,0
154.63270601403605,1.0,0.9551725589338972,0,0
154.69561325156218,1.0,1.1550020142199264,0,0
154.75852212933773,1.0,1.217625368078296,0,0
154.82143262188913,1.0,1.2470151375230174,0,0
154.88434470371033,1.0,0.9540217895262426,0,0
154.9472583492626,1.0,1.2782012931909943,0,0
155.01017353297473,1.0,1.1458555420988359,0,0
155.07309022924295,1.0,1.1966954660098712,0,0
155.13600841243084,1.0,1.1187596113910372,0,0
155.19892805686942,1.0,1.1280929717585853,0,0
155.26184913685717,1.0,1.0458566915966492,0,0
155.32477162665987,1.0,0.9497413924055759,0,0
155.38769550051077,1.0,0.8498538216316623,0,0
155.4506207326105,1.0,0.657338933825739,0,0
155.5135472971271,1.0,1.074941575852042,0,0
155.57647516819594,1.0,0.931558703726975,0,0
155.63940431991983,1.0,0.9796222250438078,0,0
155.70233472636892,1.0,0.81502914466077,0,0
155.76526636158076,1.0,0.7610670326025467,0,0
155.82819919956026,1.0,1.156590268783812,0,0
155.89113321427965,1.0,1.1174129920067948,0,0
155.9540683796786,1.0,0.8046986589393236,0,0
156.01700466966406,1.0,0.9116539110453556,0,0
156.07994205811042,1.0,1.025296496927719,0,0
156.14288051885933,1.0,1.0414199043051693,0,0
156.2058200257198,1.0,1.1688784199789197,0,0
156.2687605524682,1.0,0.9749980909577365,0,0
156.33170207284826,1.0,0.8938747317566746,0,0
156.394644560571,1.0,0.9089686947453253,0,0
156.4575879893148,1.0,0.8634667059921082,0,0
156.52053233272534,1.0,1.1290401264922931,0,0
156.58347756441566,1.0,0.971004162272643,0,0
156.6464236579661,1.0,0.9002428172713441,0,0
156.70937058692425,1.0,1.0657047695198563,0,0
156.77231832480516,1.0,0.9032778372387952,0,0
156.83526684509104,1.0,1.248329128315258,0,0
156.89821612123148,1.0,1.027542650949636,0,0
156.9611661266434,1.0,1.2892260950994656,0,0
157.02411683471095,1.0,0.9586483161064339,0,0
157.08706821878562,1.0,1.0157361359499544,0,0
157.15002025218615,1.0,0.8088089872051382,0,0
157.21297290819868,1.0,1.0575096017421306,0,0
157.2759261600765,1.0,0.9784280918996819,0,0
157.3388799810403,1.0,1.1315342301563296,0,0
157.40183434427797,1.0,1.1391295814501732,0,0
157.46478922294472,1.0,1.042725937311141,0,0
157.52774459016305,1.0,0.8307888522395229,0,0
157.5907004190227,1.0,1.235007298432363,0,0
157.6536566825808,1.0,0.7082885400588208,0,0
157.7166133538615,1.0,1.0152341922522388,0,0
157.77957040585648,1.0,1.0711241471662327,0,0
157.84252781152458,1.0,0.9738224583030242,0,0
157.90548554379194,1.0,0.9255707226239305,0,0
157.96844357555187,1.0,1.236760191475332,0,0
158.03140187966503,1.0,1.310390265197187,0,0
158.0943604289593,1.0,0.764815707561487,0,0
158.15731919622988,1.0,0.9691840127211199,0,0
158.22027815423917,1.0,1.2316265571972331,0,0
158.28323727571683,1.0,1.179054884417017,0,0
158.34619653335977,1.0,1.0738722202654765,0,0
158.40915589983217,1.0,1.027593093778683,0,0
158.47211534776545,1.0,1.2547329542004955,0,0
158.53507484975833,1.0,0.9877154246118695,0,0
158.59803437837667,1.0,0.9300905911787167,0,0
158.6609939061537,1.0,1.2384142572512855,0,0
158.72395340558973,1.0,0.8901428849000013,0,0
158.78691284915254,1.0,0.9602919168252051,0,0
158.84987220927695,1.0,1.2653524856273364,0,0
158.91283145836513,1.0,1.1633718372784092,0,0
158.9757905687865,1.0,1.0616578023145193,0,0
159.03874951287764,1.0,0.9538005339930263,0,0
159.10170826294242,1.0,0.9958971282896308,0,0
159.164666791252,1.0,1.2181642567931388,0,0
159.22762507004467,1.0,1.158967645025744,0,0
159.2905830715261,1.0,1.1636394311901708,0,0
159.35354076786902,1.0,1.1552050983401676,0,0
159.41649813121353,1.0,1.15593702004165,0,0
159.479455133667,1.0,0.9467805075367163,0,0
159.54241174730385,1.0,1.3996742123401915,0,0
159.60536794416598,1.0,1.0374813329656445,0,0
159.66832369626235,1.0,1.0478851941496126,0,0
159.73127897556918,1.0,1.2732929351998066,0,0
159.79423375403002,1.0,1.0567302870039572,0,0
159.85718800355556,1.0,1.109910210128285,0,0
159.92014169602385,1.0,0.9595279851063055,0,0
159.98309480327998,1.0,1.059391520814247,0,0
160.04604729713648,1.0,0.9840685154847248,0,0
160.108999149373,1.0,0.9635379527968302,0,0
160.17195033173653,1.0,0.9017970600616136,0,0
160.23490081594116,1.0,1.2604715381597196,0,0
160.29785057366837,1.0,1.0393718870247415,0,0
160.36079957656676,1.0,0.811951329698824,0,0
160.42374779625226,1.0,1.1251226327399864,0,0
160.48669520430798,1.0,1.0493617391626726,0,0
160.5496417722843,1.0,0.5670720190060838,0,0
160.61258747169887,1.0,0.7909677045993664,0,0
160.6755322740366,1.0,0.7984793438872893,0,0
160.7384761507496,1.0,1.204685979522259,0,0
160.80141907325725,1.0,0.7614458582015261,0,0
160.86436101294615,1.0,0.8945307636764377,0,0
160.9273019411702,1.0,1.1891986411130846,0,0
160.99024182925058,1.0,1.0048813783602633,0,0
161.05318064847563,1.0,0.7801367492531356,0,0
161.11611837010102,1.0,1.0795939689324139,0,0
161.17905496534968,1.0,1.2912404227538412,0,0
161.24199040541177,1.0,0.7185678084434737,0,0
161.30492466144472,1.0,0.969063863191231,0,0
161.36785770457323,1.0,0.9068054556289094,0,0
161.43078950588927,1.0,0.900073840890484,0,0
161.4937200364521,1.0,1.054688016665076,0,0
161.5566492672882,1.0,0.9757785259351085,0,0
161.6195771693914,1.0,1.0213972649219916,0,0
161.68250371372272,1.0,0.7014966553169122,0,0
161.7454288712105,1.0,0.7544070452867382,0,0
161.8083526127504,1.0,0.6893615322105976,0,0
161.87127490920534,1.0,1.20921630305766,0,0
161.93419573140545,1.0,1.2531839664774171,0,0
161.9971150501483,1.0,1.1156154978174724,0,0
162.06003283619856,1.0,0.8121257549567126,0,0
162.12294906028842,1.0,0.6649495601258435,0,0
162.18586369311714,1.0,1.0843515276226676,0,0
162.24877670535147,1.0,0.7965911237042012,0,0
162.31168806762537,1.0,0.8098720079067184,0,0
162.37459775054015,1.0,1.2000217476734225,0,0
162.43750572466433,1.0,0.719813739200079,0,0
162.50041196053388,1.0,0.7511607101745963,0,0
162.56331642865206,1.0,0.9561002774622795,0,0
162.6262190994894,1.0,0.9613767932608565,0,0
162.68911994348372,1.0,1.1447309315969665,0,0
162.75201893104034,1.0,0.8784070922412571,0,0
162.81491603253176,1.0,1.07590027202567,0,0
162.8778112182978,1.0,1.0229401957271413,0,0
162.94070445864577,1.0,1.1591370583857807,0,0
163.00359572385014,1.0,1.259463495522497,0,0
163.06648498415294,1.0,0.7814869653470329,0,0
163.12937220976335,1.0,0.857143037405802,0,0
163.19225737085804,1.0,0.84474746524475,0,0
163.255140437581,1.0,1.0347627790148173,0,0
163.31802138004355,1.0,0.9085021279493326,0,0
163.3809001683245,1.0,0.9908873266004806,0,0
163.44377677246985,1.0,0.7921127255453343,0,0
163.50665116249317,1.0,1.2035823221502027,0,0
163.5695233083753,1.0,1.1215905069218006,0,0
163.63239318006447,1.0,0.8932294243671054,0,0
163.6952607474764,1.0,1.0237888085545146,0,0
163.7581259804941,1.0,0.8787368187637036,0,0
163.82098884896806,1.0,1.186119151013345,0,0
163.88384932271615,1.0,0.9525882128669129,0,0
163.94670737152364,1.0,1.1314577807502635,0,0
164.00956296514326,1.0,1.0500431915162347,0,0
164.07241607329513,1.0,0.7050001576326403,0,0
164.13526666566685,1.0,0.8239140292734658,0,0
164.19811471191343,1.0,1.047828943599576,0,0
164.26096018165728,1.0,0.8676394625119945,0,0
164.32380304448836,1.0,0.9692694453720068,0,0
164.386643269964,1.0,1.3045538005113846,0,0
164.44948082760902,1.0,0.9204367630087248,0,0
164.51231568691568,1.0,1.539793833173542,0,0
164.5751478173438,1.0,1.4794159214757832,0,0
164.63797718832058,1.0,1.1471723373920921,0,0
164.70080376924074,1.0,0.7498596625505718,0,0
164.76362752946653,1.0,0.9175923447596896,0,0
164.82644843832765,1.0,1.0807825485050386,0,0
164.8892664651213,1.0,1.2581927352744018,0,0
164.9520815791123,1.0,0.8323911100386748,0,0
165.0148937495328,1.0,0.8430321093340464,0,0
165.07770294558267,1.0,0.9914553776651567,0,0
165.14050913642916,1.0,1.20739750225381,0,0
165.20331229120717,1.0,1.110145494687452,0,0
165.26611237901906,1.0,0.8769538435954448,0,0
165.32890936893483,1.0,0.7843869688773231,0,0
165.39170322999195,1.0,0.9791511184918488,0,0
165.45449393119554,1.0,0.8986146168811276,0,0
165.51728144151826,1.0,0.9358985247650081,0,0
165.5800657299003,1.0,0.7755213271783897,0,0
165.64284676524957,1.0,1.0627088635339288,0,0
165.70562451644145,1.0,0.9897711059660161,0,0
165.76839895231902,1.0,1.1268447091528364,0,0
165.8311700416929,1.0,0.7036194509754952,0,0
165.8939377533414,1.0,1.2126387186001346,0,0
165.95670205601036,1.0,1.1036114672322084,0,0
166.0194629184134,1.0,1.3233772827325696,0,0
166.08222030923167,1.0,1.0011133418195304,0,0
166.14497419711404,1.0,0.9064777487363019,0,0
166.207724550677,1.0,0.8820094056287648,0,0
166.27047133850473,1.0,0.8658965511263437,0,0
166.3332145291491,1.0,1.2921303879107726,0,0
166.39595409112968,1.0,1.1587217020319964,0,0
166.45868999293367,1.0,0.9506516167381348,0,0
166.52142220301607,1.0,0.9192136358444131,0,0
166.58415068979951,1.0,1.1605844510192194,0,0
166.64687542167442,1.0,0.9651591123915505,0,0
166.7095963669989,1.0,0.7611916066516748,0,0
166.77231349409885,1.0,0.9108543227360073,0,0
166.83502677126788,1.0,1.1719037843305404,0,0
166.89773616676734,1.0,0.9295990344505113,0,0
166.96044164882645,1.0,1.1249187225313517,0,0
167.02314318564208,1.0,1.0137585264893407,0,0
167.08584074537902,1.0,1.0606841079858438,0,0
167.14853429616971,1.0,0.7506652628833486,0,0
167.21122380611456,1.0,0.8431821078891177,0,0
167.27390924328165,1.0,1.2272279604466931,0,0
167.33659057570702,1.0,1.1533704991104394,0,0
167.39926777139445,1.0,1.011474460886404,0,0
167.46194079831565,1.0,0.9185666504731811,0,0
167.52460962441012,1.0,0.9921502035012384,0,0
167.58727421758527,1.0,0.9436251269972341,0,0
167.6499345457164,1.0,1.1504075083455532,0,0
167.71259057664665,1.0,0.7746672172317405,0,0
167.77524227818708,1.0,1.1493483017274984,0,0
167.8378896181167,1.0,1.2689315944032467,0,0
167.9005325641824,1.0,1.0215633657816012,0,0
167.96317108409903,1.0,0.7346959895074334,0,0
168.02580514554944,1.0,1.1699553494561672,0,0
168.08843471618428,1.0,1.2468277162715493,0,0
168.1510597636223,1.0,1.0466399790431071,0,0
168.2136802554502,1.0,0.9597721467975281,0,0
168.27629615922265,1.0,1.1164952488611044,0,0
168.3389074424623,1.0,0.6119470643851033,0,0
168.4015140726599,1.0,1.0731419335708516,0,0
168.4641160172741,1.0,0.9767879935887589,0,0
168.5267132437317,1.0,0.9419796821104228,0,0
168.58930571942753,1.0,0.8799876983584527,0,0
168.6518934117244,1.0,1.104215931700441,0,0
168.71447628795323,1.0,1.0683767220328315,0,0
168.77705431541307,1.0,0.9696660009091908,0,0
168.83962746137104,1.0,0.8562387510468291,0,0
168.90219569306237,1.0,0.7604606363475774,0,0
168.9647589776904,1.0,1.0526247571213128,0,0
169.02731728242657,1.0,0.9373397052782847,0,0
169.08987057441055,1.0,0.9514706551578674,0,0
169.15241882075009,1.0,1.083359482800843,0,0
169.21496198852117,1.0,0.6801106647903762,0,0
169.27750004476786,1.0,0.9512347351267154,0,0
169.3400329565026,1.0,0.6510640896712694,0,0
169.40256069070585,1.0,0.7099074610791033,0,0
169.4650832143264,1.0,0.8268127688233917,0,0
169.52760049428127,1.0,0.7919279002467553,0,0
169.59011249745572,1.0,1.0304447022498633,0,0
169.65261919070326,1.0,0.8597277310900843,0,0
169.7151205408457,1.0,1.0559245115360896,0,0
169.7776165146731,1.0,0.7321885997988983,0,0
169.84010707894384,1.0,0.9769864688501797,0,0
169.90259220038467,1.0,1.0289068008555933,0,0
169.9650718456906,1.0,0.7872876531733137,0,0
170.02754598152504,1.0,0.872850997536299,0,0
170.0900145745197,1.0,0.8598853643476121,0,0
170.1524775912747,1.0,0.8074072511545392,0,0
170.21493499835861,1.0,0.99283203804525,0,0
170.27738676230825,1.0,0.7866081718987114,0,0
170.33983284962903,1.0,1.0017249090092235,0,0
170.4022732267947,1.0,1.0479564167922186,0,0
170.46470786024742,1.0,1.097327726659646,0,0
170.52713671639788,1.0,1.1416922268303968,0,0
170.58955976162525,1.0,0.5324075862153194,0,0
170.65197696227713,1.0,1.004953539474146,0,0
170.71438828466967,1.0,1.0166044831255339,0,0
170.77679369508758,1.0,0.7298794298959573,0,0
170.83919315978403,1.0,0.9540937831338521,0,0
170.90158664498074,1.0,0.8822923174919872,0,0
170.9639741168681,1.0,0.4277781924582449,0,0
171.02635554160491,1.0,1.075781814365653,0,0
171.0887308853188,1.0,0.8180499175751578,0,0
171.1511001141058,1.0,0.6586562767812276,0,0
171.21346319403065,1.0,0.8758395064349114,0,0
171.27582009112677,1.0,0.9712324873732118,0,0
171.33817077139628,1.0,1.0809910588844918,0,0
171.40051520080982,1.0,0.7269374942006105,0,0
171.46285334530683,1.0,0.5005233029320241,0,0
171.5251851707955,1.0,0.8158715127840179,0,0
171.58751064315268,1.0,0.7981407390985418,0,0
171.64982972822398,1.0,0.9822618195567377,0,0
171.71214239182376,1.0,0.6898896177056598,0,0
171.7744485997352,1.0,0.7017146912405235,0,0
171.83674831771017,1.0,0.9377646522417118,0,0
171.8990415114695,1.0,0.7863223541951629,0,0
171.96132814670275,1.0,0.5085381153357824,0,0
172.02360818906834,1.0,0.640230768419502,0,0
172.08588160419362,1.0,0.741759838501754,0,0
172.14814835767464,1.0,1.0367319973763582,0,0
172.21040841507659,1.0,0.8063603387810255,0,0
172.2726617419334,1.0,1.294920900335794,0,0
172.33490830374802,1.0,0.8074229976461966,0,0
172.39714806599227,1.0,0.7919446693672774,0,0
172.459380994107,1.0,1.0038713134650028,0,0
172.52160705350207,1.0,0.9020117431261231,0,0
172.58382620955626,1.0,0.7175128042390359,0,0
172.64603842761744,1.0,0.9161599039779166,0,0
172.70824367300253,1.0,1.1019378989795916,0,0
172.7704419109974,1.0,0.9952140430171342,0,0
172.83263310685714,1.0,1.2480842449769496,0,0
172.89481722580584,1.0,1.3103563654752906,0,0
172.95699423303677,1.0,0.9739982366763235,0,0
173.01916409371225,1.0,1.0036054605963665,0,0
173.08132677296385,1.0,0.8421588292522136,0,0
173.14348223589224,1.0,1.0154232596555142,0,0
173.20563044756733,1.0,1.1737318465802329,0,0
173.26777137302818,1.0,0.6052276880487929,0,0
173.32990497728315,1.0,0.9937904045780229,0,0
173.39203122530978,1.0,1.329789509279528,0,0
173.45415008205492,1.0,0.9428053588335241,0,0
173.51626151243468,1.0,1.3056084742075833,0,0
173.57836548133452,1.0,0.5653332995755629,0,0
173.6404619536092,1.0,1.0777109782341003,0,0
173.70255089408278,1.0,1.1237502070439935,0,0
173.7646322675488,1.0,1.2646075376439048,0,0
173.82670603877006,1.0,1.133930785704175,0,0
173.88877217247887,1.0,0.6529759544224424,0,0
173.9508306333769,1.0,0.9350692705538782,0,0
174.0128813861353,1.0,1.1965242777058533,0,0
174.0749243953947,1.0,1.190746512447275,0,0
174.13695962576514,1.0,0.9539904154849246,0,0
174.1989870418263,1.0,1.0726805173098566,0,0
174.26100660812727,1.0,1.2146940577422334,0,0
174.3230182891868,1.0,0.8053831356739449,0,0
174.38502204949305,1.0,1.0108335639158799,0,0
174.44701785350395,1.0,0.7338696183657253,0,0
174.50900566564695,1.0,0.6487483193872267,0,0
174.5709854503192,1.0,0.6325996949291389,0,0
174.6329571718874,1.0,0.8823672962799042,0,0
174.69492079468802,1.0,0.8905641622260942,0,0
174.75687628302722,1.0,0.629905346622784,0,0
174.81882360118084,1.0,0.5091677252919194,0,0
174.88076271339452,1.0,0.8379152756977316,0,0
174.94269358388362,1.0,1.183208962888932,0,0
175.00461617683334,1.0,0.705669733153603,0,0
175.0665304563986,1.0,0.7102828866290076,0,0
175.12843638670427,1.0,0.6838409438146998,0,0
175.19033393184498,1.0,0.7225835008010418,0,0
175.25222305588525,1.0,0.780366337273068,0,0
175.31410372285958,1.0,0.9353492690345493,0,0
175.37597589677233,1.0,0.7312705637535661,0,0
175.43783954159778,1.0,0.6020018935461602,0,0
175.49969462128027,1.0,0.5980547130834464,0,0
175.56154109973403,1.0,0.5884078623284816,0,0
175.62337894084337,1.0,0.8130995600899371,0,0
175.68520810846263,1.0,0.6938117836645531,0,0
175.7470285664162,1.0,0.8415501897378607,0,0
175.8088402784985,1.0,0.7287209577946534,0,0
175.8706432084742,1.0,1.094840229245631,0,0
175.932437320078,1.0,0.4593515547810251,0,0
175.9942225770148,1.0,0.8381305046034992,0,0
176.05599894295958,1.0,0.9273421371460541,0,0
176.11776638155766,1.0,0.852083795866753,0,0
176.1795248564245,1.0,0.614620298979985,0,0
176.24127433114592,1.0,0.7936326463215129,0,0
176.30301476927787,1.0,1.0951167954017553,0,0
176.3647461343467,1.0,0.613683959113244,0,0
176.42646838984905,1.0,0.8324178764379981,0,0
176.4881814992519,1.0,1.3814552680031402,0,0
176.54988542599267,1.0,0.8745754487110853,0,0
176.61158013347915,1.0,0.8252006796685213,0,0
176.6732655850895,1.0,0.8056204730377095,0,0
176.73494174417237,1.0,0.8683728552592139,0,0
176.79660857404693,1.0,0.4110759150535208,0,0
176.8582660380028,1.0,0.4470081932496904,0,0
176.91991409930012,1.0,1.0189912463535107,0,0
176.98155272116958,1.0,0.9287812653643166,0,0
177.04318186681255,1.0,0.9261745165932336,0,0
177.10480149940088,1.0,0.963601023202159,0,0
177.16641158207707,1.0,1.01098087477651,0,0
177.22801207795436,1.0,1.0644512707270826,0,0
177.28960295011655,1.0,0.7406489254703339,0,0
177.35118416161822,1.0,0.9499051173908402,0,0
177.41275567548468,1.0,0.5248118408861563,0,0
177.47431745471198,1.0,0.8000545498160151,0,0
177.53586946226704,1.0,0.5279076765246394,0,0
177.59741166108745,1.0,0.6326002630756455,0,0
177.65894401408173,1.0,0.5886274473715768,0,0
177.72046648412928,1.0,0.05017767844258048,0,0
177.78197903408034,1.0,0.6984704609102088,0,0
177.8434816267561,1.0,0.5681042973214225,0,0
177.90497422494875,1.0,1.474846148306686,0,0
177.96645679142134,1.0,0.7106744010252639,0,0
178.027929288908,1.0,0.43306712569340905,0,0
178.08939168011392,1.0,0.6698357977105887,0,0
178.15084392771524,1.0,0.3543723869284343,0,0
178.21228599435932,1.0,0.7622981934866846,0,0
178.27371784266455,1.0,0.4222990522938753,0,0
178.33513943522047,1.0,0.615589721442054,0,0
178.39655073458778,1.0,0.595879266543537,0,0
178.45795170329845,1.0,0.21814327650079826,0,0
178.5193423038556,1.0,0.9909760415058333,0,0
178.58072249873365,1.0,0.568104954960259,0,0
178.64209225037825,1.0,0.40354741749557493,0,0
178.7034515212065,1.0,0.1429610503545642,0,0
178.7648002736066,1.0,0.588950070915454,0,0
178.82613846993834,1.0,-0.0310803489871194,0,0
178.88746607253285,1.0,0.7618404732528735,0,0
178.9487830436926,1.0,0.8099681520631183,0,0
179.01008934569165,1.0,0.37825433832736133,0,0
179.07138494077543,1.0,0.4979176349669028,0,0
179.132669791161,1.0,0.2054422350606688,0,0
179.19394385903686,1.0,0.7586264567487907,0,0
179.25520710656315,1.0,0.2941960389599128,0,0
179.3164594958716,1.0,0.5597328807599459,0,0
179.37770098906557,1.0,0.7073914575694014,0,0
179.43893154822007,1.0,0.6726594351213252,0,0
179.50015113538188,1.0,0.818323694858129,0,0
179.56135971256938,1.0,0.28162160241234746,0,0
179.62255724177282,1.0,0.6170085605931394,0,0
179.68374368495415,1.0,0.9945431299913947,0,0
179.74491900404723,1.0,0.7313073348035065,0,0
179.80608316095766,1.0,0.8533642133274525,0,0
179.86723611756304,1.0,0.6040716388858688,0,0
179.92837783571275,1.0,0.8041114727593766,0,0
179.98950827722825,1.0,0.6888032457876619,0,0
180.0506274039028,1.0,0.6123619952624973,0,0
180.11173517750183,1.0,0.8399485320644543,0,0
180.17283155976276,1.0,0.8281185035017475,0,0
180.23391651239496,1.0,1.0036781024152377,0,0
180.29498999708005,1.0,1.0539039234347418,0,0
180.3560519754717,1.0,0.6208542513519033,0,0
180.41710240919576,1.0,0.8467967543088983,0,0
180.47814125985025,1.0,0.8796443303150837,0,0
180.53916848900548,1.0,0.6562171779549133,0,0
180.60018405820392,1.0,0.8790541994460733,0,0
180.66118792896043,1.0,0.3824357873605914,0,0
180.7221800627621,1.0,0.7007658502569596,0,0
180.7831604210685,1.0,0.282689458372354,0,0
180.84412896531137,1.0,0.6394734436021358,0,0
180.90508565689515,1.0,0.37376108529361785,0,0
180.9660304571965,1.0,0.41466654478806964,0,0
181.0269633275647,1.0,0.4416833104462559,0,0
181.08788422932145,1.0,0.4331385868936476,0,0
181.1487931237611,1.0,0.23156648332511806,0,0
181.20968997215053,1.0,0.9732107781404845,0,0
181.27057473572924,1.0,0.6051571472750624,0,0
181.3314473757094,1.0,0.622407719723802,0,0
181.39230785327587,1.0,0.558690935578876,0,0
181.4531561295862,1.0,0.9116498462415219,0,0
181.5139921657707,1.0,0.557303642350984,0,0
181.57481592293252,1.0,0.6783831685505591,0,0
181.63562736214755,1.0,0.9701024440985504,0,0
181.69642644446463,1.0,1.2177704620839458,0,0
181.75721313090537,1.0,1.040425522441185,0,0
181.81798738246442,1.0,0.9639891316383882,0,0
181.87874916010932,1.0,0.2657609049361437,0,0
181.93949842478065,1.0,0.8684273826791378,0,0
182.000235137392,1.0,0.6705801905299018,0,0
182.06095925883002,1.0,0.49710049536791195,0,0
182.12167074995446,1.0,0.5568785341409044,0,0
182.1823695715982,1.0,0.7979357090362488,0,0
182.2430556845673,1.0,0.6358286404423571,0,0
182.303729049641,1.0,0.8134877155168821,0,0
182.36438962757185,1.0,0.26582510608358595,0,0
182.4250373790856,1.0,0.6267155744135248,0,0
182.48567226488137,1.0,0.25923101675352933,0,0
182.54629424563154,1.0,0.7110445819277365,0,0
182.606903281982,1.0,0.6976861104985085,0,0
182.66749933455193,1.0,0.770563792060444,0,0
182.7280823639341,1.0,0.4114426995077903,0,0
182.78865233069467,1.0,0.40031151121733594,0,0
182.84920919537336,1.0,0.8302016287107902,0,0
182.90975291848352,1.0,0.5953103204051635,0,0
182.97028346051198,1.0,0.38861437539508936,0,0
183.0308007819193,1.0,0.8119064079072125,0,0
183.09130484313968,1.0,0.8644206164957955,0,0
183.15179560458108,1.0,0.4142999340698735,0,0
183.21227302662513,1.0,0.5114913452070909,0,0
183.27273706962734,1.0,-0.09853724649432248,0,0
183.33318769391695,1.0,0.6544526379708189,0,0
183.3936248597972,1.0,0.4347884130411213,0,0
183.45404852754507,1.0,0.2897929886274131,0,0
183.51445865741158,1.0,0.5160586769968506,0,0
183.57485520962172,1.0,0.4690091461939705,0,0
183.63523814437445,1.0,0.32095172737798566,0,0
183.69560742184285,1.0,0.3480522512308858,0,0
183.75596300217398,1.0,0.41136805476533483,0,0
183.81630484548919,1.0,0.28298181984407755,0,0
183.87663291188386,1.0,0.6910311153875409,0,0
183.93694716142767,1.0,0.7751562177626252,0,0
183.99724755416443,1.0,0.7348259630639602,0,0
184.0575340501124,1.0,0.05436388393868901,0,0
184.117806609264,1.0,-0.06479345389772637,0,0
184.17806519158614,1.0,0.42874957482427406,0,0
184.23830975702003,1.0,0.6410015334108834,0,0
184.2985402654814,1.0,0.44113423940434615,0,0
184.35875667686042,1.0,0.697744251102348,0,0
184.4189589510218,1.0,1.2291176577548755,0,0
184.47914704780476,1.0,0.13908350314919707,0,0
184.5393209270232,1.0,0.8671201248959859,0,0
184.59948054846564,1.0,0.8547042340366556,0,0
184.65962587189517,1.0,0.31927941110885455,0,0
184.71975685704982,1.0,0.7588614731304061,0,0
184.77987346364216,1.0,0.719325776848088,0,0
184.83997565135968,1.0,0.2744777928031004,0,0
184.90006337986466,1.0,0.8631905110284582,0,0
184.96013660879436,1.0,0.7417513089002279,0,0
185.02019529776078,1.0,0.5257903211043264,0,0
185.0802394063511,1.0,0.5058056559720889,0,0
185.14026889412733,1.0,0.631462751165277,0,0
185.2002837206266,1.0,0.518699592991619,0,0
185.2602838453612,1.0,0.3597857422414879,0,0
185.32026922781833,1.0,0.47895242643387587,0,0
185.3802398274606,1.0,-0.07061839044958952,0,0
185.44019560372573,1.0,0.7387811123237449,0,0
185.50013651602666,1.0,0.5589957664775523,0,0
185.56006252375167,1.0,0.42049355910792885,0,0
185.6199735862644,1.0,0.11961229968971523,0,0
185.6798696629038,1.0,0.09351048309293071,0,0
185.73975071298435,1.0,0.3924469969132401,0,0
185.7996166957958,1.0,0.5188559253468924,0,0
185.85946757060367,1.0,1.042935230665931,0,0
185.91930329664882,1.0,0.6044379999300521,0,0
185.97912383314778,1.0,0.7887160689804106,0,0
186.03892913929272,1.0,0.5717751506817927,0,0
186.09871917425147,1.0,0.8309613261206428,0,0
186.1584938971676,1.0,0.5518619320303143,0,0
186.2182532671604,1.0,0.9705538069512131,0,0
186.27799724332505,1.0,0.5450933916315377,0,0
186.33772578473253,1.0,0.5893905094477768,0,0
186.3974388504297,1.0,0.4706782587986224,0,0
186.45713639943932,1.0,0.4569618300381154,0,0
186.51681839076025,1.0,0.4640322003812027,0,0
186.57648478336733,1.0,0.6712442836432639,0,0
186.6361355362114,1.0,0.5375429955368078,0,0
186.6957706082195,1.0,0.38477811370892523,0,0
186.7553899582948,1.0,0.5516272868221622,0,0
186.81499354531667,1.0,0.16426285882415687,0,0
186.87458132814072,1.0,0.9781720120305027,0,0
186.9341532655988,1.0,0.5240864302696475,0,0
186.99370931649926,1.0,0.010728502550190701,0,0
187.05324943962665,1.0,0.5461984751242671,0,0
187.1127735937421,1.0,0.6831474521025377,0,0
187.1722817375831,1.0,0.3111465064446211,0,0
187.23177382986367,1.0,0.5945132389523018,0,0
187.29124982927445,1.0,0.4456265291741322,0,0
187.35070969448265,1.0,-0.07675638953531354,0,0
187.41015338413214,1.0,-0.03915065928953225,0,0
187.4695808568435,1.0,0.3468798382988537,0,0
187.52899207121405,1.0,0.8869633484195951,0,0
187.58838698581786,1.0,0.4233328060838421,0,0
187.64776555920594,1.0,1.2019670732065124,0,0
187.70712774990608,1.0,0.8516581383873679,0,0
187.76647351642305,1.0,0.8233713354598376,0,0
187.8258028172386,1.0,0.1005022555037133,0,0
187.8851156108115,1.0,0.6375230216711082,0,0
187.94441185557753,1.0,0.7439798093191017,0,0
188.0036915099497,1.0,0.7573222999986226,0,0
188.0629545323181,1.0,0.4660373436560176,0,0
188.12220088105005,1.0,0.4572098572693385,0,0
188.18143051449016,1.0,0.08003703243421426,0,0
188.24064339096032,1.0,0.5446090025737255,0,0
188.29983946875973,1.0,0.47225257230989554,0,0
188.3590187061651,1.0,0.14090165236929586,0,0
188.4181810614305,1.0,0.606968550619293,0,0
188.47732649278748,1.0,0.34266070208256333,0,0
188.53645495844526,1.0,0.7555753829450365,0,0
188.5955664165905,1.0,0.47380084961337027,0,0
188.6546608253876,1.0,-0.03883684748593596,0,0
188.71373814297863,1.0,0.1681966372100198,0,0
188.77279832748334,1.0,0.23789744627067844,0,0
188.83184133699936,1.0,-0.40311768326785585,0,0
188.8908671296021,1.0,0.44415982644445734,0,0
188.94987566334487,1.0,0.43364936671645876,0,0
189.0088668962589,1.0,0.4547243922747888,0,0
189.06784078635337,1.0,0.19830924971217778,0,0
189.12679729161562,1.0,0.5333527029742203,0,0
189.1857363700109,1.0,0.06812927734536549,0,0
189.24465797948267,1.0,0.0802471971156863,0,0
189.30356207795262,1.0,0.12080072922787122,0,0
189.36244862332063,1.0,0.3118476843411198,0,0
189.42131757346476,1.0,0.6011390649686091,0,0
189.4801688862416,1.0,-0.0553651723401636,0,0
189.53900251948593,1.0,0.47738645256614826,0,0
189.59781843101106,1.0,0.8306916634444435,0,0
189.65661657860875,1.0,0.7700683660271941,0,0
189.71539692004933,1.0,0.37738566572962506,0,0
189.7741594130816,1.0,0.33688025815114897,0,0
189.83290401543314,1.0,0.22144185088107293,0,0
189.89163068481014,1.0,0.686767241506398,0,0
189.95033937889747,1.0,0.23100780544814806,0,0
190.0090300553589,1.0,1.030522282680548,0,0
190.0677026718369,1.0,0.7591836245144941,0,0
190.12635718595294,1.0,0.5098242011808809,0,0
190.18499355530741,1.0,0.319665495484556,0,0
190.24361173747968,1.0,0.5575613960863465,0,0
190.30221169002806,1.0,0.7122534247427263,0,0
190.36079337049011,1.0,0.7255083979664453,0,0
190.41935673638247,1.0,0.5553243088064553,0,0
190.47790174520094,1.0,0.6423273804515957,0,0
190.53642835442062,1.0,0.38767521621647705,0,0
190.5949365214959,1.0,0.5373236702748864,0,0
190.65342620386048,1.0,0.7468895507713544,0,0
190.71189735892756,1.0,0.24888291857852549,0,0
190.77034994408973,1.0,0.8636974134847316,0,0
190.8287839167191,1.0,0.664800131696619,0,0
190.8871992341673,1.0,0.9656117512391947,0,0
190.94559585376567,1.0,1.2797390727312083,0,0
191.00397373282522,1.0,0.7063552215657265,0,0
191.06233282863656,1.0,0.49034483167868276,0,0
191.1206730984702,1.0,0.7414781024947544,0,0
191.17899449957645,1.0,0.9757064673439994,0,0
191.2372969891855,1.0,0.18218577773285335,0,0
191.29558052450747,1.0,0.45355179645687643,0,0
191.35384506273246,1.0,0.4358973879057688,0,0
191.41209056103065,1.0,0.3582391647072703,0,0
191.47031697655228,1.0,1.029162718022266,0,0
191.52852426642778,1.0,0.6906537488726546,0,0
191.58671238776776,1.0,1.0041235008886602,0,0
191.64488129766315,1.0,0.8169982055943181,0,0
191.70303095318513,1.0,0.8687789802051445,0,0
191.7611613113853,1.0,0.9667665370926368,0,0
191.81927232929567,1.0,1.0951427932659679,0,0
191.8773639639287,1.0,0.9200210449864892,0,0
191.9354361722775,1.0,0.3288804859641487,0,0
191.99348891131558,1.0,0.8586220649837794,0,0
192.05152213799727,1.0,0.49390777592266877,0,0
192.10953580925752,1.0,0.5535119068534473,0,0
192.16752988201216,1.0,0.31119153749853573,0,0
192.22550431315761,1.0,0.41568239222503905,0,0
192.2834590595714,1.0,0.40868855338068777,0,0
192.34139407811185,1.0,0.29148581520851896,0,0
192.39930932561828,1.0,0.22260516401807676,0,0
192.45720475891102,1.0,0.7042763666222983,0,0
192.51508033479163,1.0,0.4032611245926049,0,0
192.57293601004267,1.0,0.46660970330711093,0,0
192.63077174142802,1.0,0.2912326677448699,0,0
192.68858748569272,1.0,0.1171338182126861,0,0
192.74638319956318,1.0,0.2910055646768095,0,0
192.8041588397473,1.0,0.05941664053744036,0,0
192.86191436293421,1.0,0.49299922798649326,0,0
192.9196497257947,1.0,0.27363854259046616,0,0
192.977364884981,1.0,0.47822751226294796,0,0
193.03505979712708,1.0,0.35246638338371544,0,0
193.0927344188484,1.0,0.4967785973922561,0,0
193.15038870674226,1.0,0.18787162067587548,0,0
193.20802261738777,1.0,0.7896117942141967,0,0
193.2656361073458,1.0,0.5514656094392072,0,0
193.3232291331592,1.0,0.0066710809216790614,0,0
193.38080165135267,1.0,0.0593941105207418,0,0
193.43835361843296,1.0,0.6848354515939978,0,0
193.49588499088895,1.0,0.3496344784532233,0,0
193.5533957251916,1.0,0.08128789787704783,0,0
193.61088577779404,1.0,0.8949400305224018,0,0
193.66835510513175,1.0,0.7467207284671802,0,0
193.7258036636224,1.0,0.5354833338615674,0,0
193.78323140966612,1.0,0.5881314036808996,0,0
193.84063829964538,1.0,0.6152191705949107,0,0
193.89802428992522,1.0,1.377060679206012,0,0
193.95538933685313,1.0,0.8472589742748708,0,0
194.0127333967593,1.0,0.7750809310172382,0,0
194.0700564259565,1.0,0.5377005013730985,0,0
194.1273583807403,1.0,0.4839827274370372,0,0
194.184639217389,1.0,0.8180004258635277,0,0
194.24189889216376,1.0,1.328812222007833,0,0
194.29913736130868,1.0,1.3233876376949691,0,0
194.3563545810507,1.0,0.7474293061816153,0,0
194.4135505076,1.0,0.7926234098812736,0,0
194.47072509714963,1.0,0.355483537123826,0,0
194.5278783058759,1.0,0.3766108400234103,0,0
194.5850100899383,1.0,0.5023798861816187,0,0
194.6421204054796,1.0,0.2932453843419357,0,0
194.69920920862586,1.0,0.04105597747351087,0,0
194.7562764554866,1.0,0.6498826047777324,0,0
194.8133221021547,1.0,0.6375327672089757,0,0
194.8703461047066,1.0,1.1295322405900874,0,0
194.92734841920236,1.0,1.4859441430668765,0,0
194.98432900168558,1.0,0.6147258909588226,0,0
195.04128780818365,1.0,0.6368236322157582,0,0
195.09822479470762,1.0,0.7801144574449697,0,0
195.15513991725243,1.0,0.8857348998327967,0,0
195.21203313179691,1.0,0.45113886003933473,0,0
195.26890439430383,1.0,0.8313881380992754,0,0
195.3257536607199,1.0,1.2601726697627291,0,0
195.38258088697594,1.0,1.1585342656220532,0,0
195.43938602898697,1.0,0.7727843034403931,0,0
195.49616904265213,1.0,1.1437256222905157,0,0
195.5529298838548,1.0,0.6334673360582672,0,0
195.6096685084628,1.0,0.9663836326618783,0,0
195.66638487232814,1.0,0.6395682496650018,0,0
195.72307893128743,1.0,1.318637561723018,0,0
195.7797506411618,1.0,1.0026666961851596,0,0
195.83639995775684,1.0,1.4412275419162095,0,0
195.89302683686287,1.0,0.7752642206844259,0,0
195.94963123425487,1.0,0.07083814397520179,0,0
196.00621310569264,1.0,0.9647925396861847,0,0
196.06277240692071,1.0,0.5870099682940123,0,0
196.1193090936686,1.0,0.986557575105779,0,0
196.1758231216507,1.0,1.0208897040927847,0,0
196.23231444656653,1.0,0.40359959445646576,0,0
196.2887830241006,1.0,1.5226420548004664,0,0
196.3452288099226,1.0,1.2883584573935731,0,0
196.40165175968744,1.0,1.1499362909836486,0,0
196.45805182903536,1.0,0.385208794113154,0,0
196.5144289735918,1.0,0.2707610885584502,0,0
196.57078314896782,1.0,0.7712695635656979,0,0
196.62711431075977,1.0,1.125216580259504,0,0
196.68342241454963,1.0,0.626696114242219,0,0
196.73970741590495,1.0,1.1798110763904035,0,0
196.79596927037898,1.0,0.6439890300392049,0,0
196.85220793351067,1.0,0.7463858180941679,0,0
196.90842336082483,1.0,0.8737667866523433,0,0
196.96461550783212,1.0,1.0119126141584889,0,0
197.02078433002907,1.0,0.5689031926268603,0,0
197.07692978289833,1.0,0.38674695046879964,0,0
197.13305182190845,1.0,0.9732432470128293,0,0
197.18915040251431,1.0,1.261750770753965,0,0
197.24522548015682,1.0,0.8610165078713587,0,0
197.30127701026328,1.0,0.6854609722897845,0,0
197.3573049482472,1.0,0.8491978179917833,0,0
197.4133092495086,1.0,1.0444398379992743,0,0
197.46928986943394,1.0,0.5769359010235634,0,0
197.52524676339618,1.0,0.7113716983642571,0,0
197.58117988675485,1.0,1.0844142093965752,0,0
197.6370891948563,1.0,1.1767981042882567,0,0
197.6929746430334,1.0,0.8633280641473922,0,0
197.748836186606,1.0,1.3753380323994853,0,0
197.80467378088076,1.0,0.47823150616518206,0,0
197.86048738115124,1.0,0.5614912833307687,0,0
197.91627694269806,1.0,0.7430708483580576,0,0
197.9720424207889,1.0,0.8839324073201735,0,0
198.02778377067855,1.0,0.45480007457787675,0,0
198.08350094760905,1.0,1.028460729618557,0,0
198.1391939068097,1.0,0.7789828835348249,0,0
198.19486260349717,1.0,0.6192553158795383,0,0
198.2505069928755,1.0,0.8695056287385969,0,0
198.30612703013628,1.0,0.199133936449321,0,0
198.36172267045862,1.0,0.9651169124474154,0,0
198.4172938690092,1.0,0.8448630832202086,0,0
198.4728405809425,1.0,0.9635371119716756,0,0
198.52836276140067,1.0,0.6701062883807374,0,0
198.5838603655137,1.0,0.7112107209519254,0,0
198.63933334839953,1.0,1.2983236633820516,0,0
198.69478166516404,1.0,0.49290189303343523,0,0
198.75020527090112,1.0,0.5489422812371765,0,0
198.80560412069286,1.0,0.6850691822124424,0,0
198.86097816960938,1.0,0.9180389700668381,0,0
198.9163273727092,1.0,0.9597150383537753,0,0
198.9716516850391,1.0,0.8738695969857667,0,0
199.02695106163415,1.0,1.2762107549956634,0,0
199.08222545751806,1.0,0.9148282274355068,0,0
199.13747482770293,1.0,0.6170808572500205,0,0
199.19269912718954,1.0,1.372427793208314,0,0
199.2478983109673,1.0,1.188566169357896,0,0
199.30307233401436,1.0,1.1462345733147739,0,0
199.35822115129773,1.0,0.9717710413852628,0,0
199.4133447177732,1.0,1.462438939988169,0,0
199.46844298838568,1.0,1.1412930205117071,0,0
199.52351591806894,1.0,0.8010227955622661,0,0
199.57856346174592,1.0,1.0136281385807926,0,0
199.63358557432872,1.0,1.3482279967080102,0,0
199.6885822107187,1.0,0.6470473572946939,0,0
199.7435533258065,1.0,0.7017865624083821,0,0
199.7984988744722,1.0,0.9275764685539336,0,0
199.85341881158524,1.0,0.485630715902016,0,0
199.90831309200468,1.0,0.5766132373905627,0,0
199.96318167057916,1.0,0.12983265240410544,0,0
200.01802450214694,1.0,1.2317164118176709,0,0
200.07284154153612,1.0,1.015757296809658,0,0
200.1276327435645,1.0,1.5985667212522583,0,0
200.1823980630399,1.0,0.30413656509793646,0,0
200.23713745476,1.0,1.2468213995456507,0,0
200.2918508735125,1.0,1.0063703008091858,0,0
200.34653827407533,1.0,1.3184510394019324,0,0
200.40119961121655,1.0,0.6932608556095374,0,0
200.45583483969438,1.0,1.3793229146264194,0,0
200.5104439142575,1.0,1.052803260159692,0,0
200.56502678964495,1.0,1.060701526904247,0,0
200.6195834205862,1.0,1.4284014753961776,0,0
200.67411376180132,1.0,1.0956641934487172,0,0
200.72861776800102,1.0,0.9022440366724481,0,0
200.78309539388664,1.0,1.1744410694630947,0,0
200.8375465941503,1.0,1.365088465340721,0,0
200.89197132347505,1.0,0.9797350041460711,0,0
200.9463695365348,1.0,0.9741225960254389,0,0
201.00074118799444,1.0,0.705086772012275,0,0
201.05508623250995,1.0,1.049857575281174,0,0
201.10940462472843,1.0,1.6642635607825322,0,0
201.16369631928825,1.0,0.9650007668452045,0,0
201.217961270819,1.0,0.9867187437946172,0,0
201.2721994339417,1.0,0.973687527440729,0,0
201.3264107632688,1.0,1.0427257362619968,0,0
201.38059521340426,1.0,1.1819301035111005,0,0
201.4347527389436,1.0,0.9689079787020787,0,0
201.48888329447408,1.0,0.9718430503410372,0,0
201.54298683457463,1.0,1.2763806854470152,0,0
201.59706331381608,1.0,0.9816758858424808,0,0
201.65111268676105,1.0,0.6579969420516824,0,0
201.70513490796424,1.0,1.0760900314283028,0,0
201.75912993197232,1.0,0.7876428611293236,0,0
201.81309771332414,1.0,0.6656930855118928,0,0
201.86703820655072,1.0,1.006498304349594,0,0
201.9209513661753,1.0,0.956916832285675,0,0
201.9748371467136,1.0,0.9843402750217385,0,0
202.02869550267366,1.0,1.2935357666401894,0,0
202.0825263885561,1.0,0.66627808772716,0,0
202.13632975885403,1.0,1.341710659545362,0,0
202.1901055680533,1.0,1.2810757979469958,0,0
202.24385377063248,1.0,1.0733949210193288,0,0
202.29757432106294,1.0,0.7936769254829193,0,0
202.35126717380894,1.0,1.0616513829157046,0,0
202.4049322833277,1.0,0.9133777154623322,0,0
202.4585696040695,1.0,1.335662145968591,0,0
202.51217909047773,1.0,0.9093744967033308,0,0
202.565760696989,1.0,0.7762014548178495,0,0
202.61931437803318,1.0,0.7840802702533625,0,0
202.6728400880335,1.0,0.7136122943949248,0,0
202.7263377814066,1.0,0.579127572941603,0,0
202.77980741256272,1.0,1.0546865768086848,0,0
202.83324893590554,1.0,0.9962403516170285,0,0
202.88666230583252,1.0,1.1728939554388427,0,0
202.94004747673483,1.0,1.0824171714244095,0,0
202.99340440299753,1.0,0.9340863442665815,0,0
203.04673303899943,1.0,0.9575562211557521,0,0
203.1000333391135,1.0,1.0914214460400038,0,0
203.15330525770665,1.0,0.9122230568470981,0,0
203.20654874913993,1.0,1.1305502020624103,0,0
203.2597637677687,1.0,1.7589160014519796,0,0
203.31295026794254,1.0,1.3713177887725085,0,0
203.3661082040054,1.0,0.27682713015435984,0,0
203.41923753029576,1.0,0.8787244690371155,0,0
203.47233820114656,1.0,0.9167570306656343,0,0
203.52541017088538,1.0,0.7473807759209564,0,0
203.5784533938345,1.0,0.8214979962587564,0,0
203.63146782431102,1.0,0.9209810640008564,0,0
203.68445341662675,1.0,0.89425951817873,0,0
203.73741012508862,1.0,0.8656022167950995,0,0
203.79033790399845,1.0,0.9204735375560624,0,0
203.8432367076532,1.0,0.68156213844331,0,0
203.89610649034498,1.0,1.1371897462226106,0,0
203.9489472063612,1.0,0.7598966515531417,0,0
204.00175880998452,1.0,0.40338960127852175,0,0
204.05454125549312,1.0,1.1760522031730567,0,0
204.1072944971606,1.0,0.7166250739879545,0,0
204.1600184892562,1.0,1.1429134509914625,0,0
204.21271318604477,1.0,0.6180147479445668,0,0
204.26537854178684,1.0,0.40770585531444997,0,0
204.31801451073898,1.0,0.569460948506778,0,0
204.37062104715338,1.0,0.8199828977643392,0,0
204.4231981052784,1.0,0.7186416849830367,0,0
204.47574563935848,1.0,0.8845193340949068,0,0
204.52826360363403,1.0,0.7720792392640217,0,0
204.58075195234187,1.0,1.2915815327860736,0,0
204.633210639715,1.0,1.1197590591071835,0,0
204.68563961998296,1.0,1.1677698882205736,0,0
204.73803884737157,1.0,1.1262504034330543,0,0
204.79040827610336,1.0,0.875679747794654,0,0
204.84274786039745,1.0,1.3362090363886716,0,0
204.89505755446967,1.0,0.796373840068927,0,0
204.94733731253265,1.0,0.9597868390097213,0,0
204.99958708879592,1.0,1.3641398869749473,0,0
205.05180683746593,1.0,1.2023705186971163,0,0
205.10399651274628,1.0,0.9243311977436691,0,0
205.15615606883756,1.0,0.8715847394307797,0,0
205.2082854599377,1.0,0.5322673367843912,0,0
205.26038464024194,1.0,0.7950567735579998,0,0
205.31245356394277,1.0,0.6352306644922925,0,0
205.36449218523023,1.0,0.6584653475533517,0,0
205.41650045829192,1.0,1.0062839754474082,0,0
205.468478337313,1.0,1.0593680588527563,0,0
205.5204257764765,1.0,1.0647475658331655,0,0
205.572342729963,1.0,0.9210285838975113,0,0
205.62422915195117,1.0,1.046473149273078,0,0
205.6760849966176,1.0,1.0110883112475002,0,0
205.72791021813688,1.0,0.8543248960099996,0,0
205.77970477068178,1.0,0.50905049360905,0,0
205.83146860842322,1.0,0.5950736156821115,0,0
205.88320168553054,1.0,1.0315624373531143,0,0
205.93490395617135,1.0,0.6161145412906843,0,0
205.98657537451174,1.0,0.6479683004273277,0,0
206.03821589471647,1.0,0.9687648131697648,0,0
206.08982547094882,1.0,0.5619353134325318,0,0
206.14140405737083,1.0,0.6002203627812187,0,0
206.19295160814335,1.0,0.7141668866358587,0,0
206.24446807742612,1.0,1.2103629565541094,0,0
206.29595341937787,1.0,0.9652723136400684,0,0
206.3474075881564,1.0,0.7952671023184807,0,0
206.39883053791857,1.0,1.0849082037138567,0,0
206.45022222282063,1.0,0.9399814974532099,0,0
206.50158259701806,1.0,1.092957788987983,0,0
206.5529116146657,1.0,0.8991009809327889,0,0
206.60420922991796,1.0,1.121679287495188,0,0
206.6554753969288,1.0,0.7598224972281505,0,0
206.70671006985185,1.0,1.106426737848832,0,0
206.75791320284043,1.0,1.0751462766249384,0,0
206.80908475004773,1.0,1.3562500782102465,0,0
206.8602246656269,1.0,1.045402732860594,0,0
206.91133290373102,1.0,0.9734748545687941,0,0
206.96240941851335,1.0,0.7955223213217477,0,0
207.0134541641272,1.0,1.0175262673968688,0,0
207.06446709472633,1.0,1.1979113388071583,0,0
207.11544816446462,1.0,0.8810104583728062,0,0
207.1663973274966,1.0,0.7980621876495987,0,0
207.2173145379772,1.0,0.7789384152472487,0,0
207.26819975006194,1.0,1.0316982749616967,0,0
207.31905291790713,1.0,1.1653015626499004,0,0
207.36987399566982,1.0,0.7748088174502242,0,0
207.42066293750793,1.0,0.5675843839651938,0,0
207.47141969758033,1.0,1.1689178282977923,0,0
207.52214423004693,1.0,0.5543520710081334,0,0
207.57283648906878,1.0,0.6363917390502509,0,0
207.62349642880818,1.0,0.5803749298735528,0,0
207.6741240034287,1.0,0.4403728022021104,0,0
207.72471916709532,1.0,0.9231735598068246,0,0
207.77528187397445,1.0,0.4528465840278548,0,0
207.82581207823418,1.0,1.0091913170843683,0,0
207.87630973404418,1.0,0.9947851752540104,0,0
207.92677479557585,1.0,0.998908569028094,0,0
207.9772072170025,1.0,0.533359247515303,0,0
208.02760695249924,1.0,0.6995216278277419,0,0
208.07797395624334,1.0,1.1690865799949612,0,0
208.12830818241406,1.0,0.8311095318880434,0,0
208.17860958519287,1.0,1.0266719990473347,0,0
208.22887811876353,1.0,0.8884967444991472,0,0
208.27911373731217,1.0,0.6175066126984335,0,0
208.32931639502735,1.0,1.205539931608429,0,0
208.37948604610017,1.0,0.9045950769375535,0,0
208.42962264472436,1.0,0.7302303619596039,0,0
208.47972614509644,1.0,1.2455540689979505,0,0
208.5297965014156,1.0,1.1989328642060417,0,0
208.57983366788403,1.0,0.821809295016141,0,0
208.6298375987069,1.0,0.9589949103072507,0,0
208.6798082480924,1.0,0.9158403571162763,0,0
208.72974557025196,1.0,0.7692327693481933,0,0
208.77964951940015,1.0,1.2322833369908788,0,0
208.82952004975505,1.0,0.7735494552656436,0,0
208.87935711553797,1.0,0.9438073406577256,0,0
208.92916067097389,1.0,0.8831819238234061,0,0
208.97893067029133,1.0,0.7316887372410037,0,0
209.0286670677226,1.0,1.0313051872289392,0,0
209.07836981750376,1.0,1.3380960924365652,0,0
209.12803887387463,1.0,0.5885498801880642,0,0
209.1776741910792,1.0,0.47045899933056307,0,0
209.22727572336538,1.0,0.8103162640783081,0,0
209.27684342498532,1.0,0.650172488114163,0,0
209.32637725019532,1.0,0.8488909701209987,0,0
209.3758771532561,1.0,0.7353834867727124,0,0
209.42534308843275,1.0,0.5165827674424318,0,0
209.47477500999491,1.0,0.7765843816716687,0,0
209.5241728722168,1.0,0.28592510790722564,0,0
209.57353662937737,1.0,0.9424071034670992,0,0
209.62286623576028,1.0,0.6535109397120955,0,0
209.67216164565414,1.0,0.8682744263857525,0,0
209.72142281335252,1.0,0.5864324811470019,0,0
209.770649693154,1.0,1.1163457411902196,0,0
209.8198422393624,1.0,0.7189035618361228,0,0
209.86900040628666,1.0,0.7973742599224072,0,0
209.91812414824116,1.0,0.7002061651673256,0,0
209.96721341954566,1.0,0.45206701365928614,0,0
210.0162681745254,1.0,0.8492956821253508,0,0
210.0652883675113,1.0,1.1496750195996819,0,0
210.11427395283994,1.0,0.9743689388122516,0,0
210.16322488485372,1.0,0.35782972260602364,0,0
210.21214111790084,1.0,0.7185518605573409,0,0
210.2610399900525,1.0,1.921258618469013,0,0
