wave,weight,flux,flag,segment
Double,Double,Double,Integer,Integer
micrometer,,Jy,,
Wavelength,weight,flux,flag,segment
51.50319880633246,1.0,-1.7847531634303717,0,0
51.52257378188127,1.0,0.9397784279057099,0,0
51.54194953007284,1.0,-0.7065534204958461,0,0
51.561326050304714,1.0,-4.062140979656592,0,0
51.58070334197339,1.0,-2.917302765918164,0,0
51.60008140447434,1.0,2.2377162591476414,0,0
51.619460237202006,1.0,-0.491437375204038,0,0
51.638839839549775,1.0,-0.6078919149146378,0,0
51.65822021091004,1.0,0.4077330324687207,0,0
51.67760135067412,1.0,-1.4564783057361552,0,0
51.696983258232315,1.0,-0.40194869280552664,0,0
51.7163659329739,1.0,1.3546769082910148,0,0
51.73574937428712,1.0,0.7293796117516503,0,0
51.75513358155915,1.0,1.3125742736421488,0,0
51.774518554176154,1.0,-1.4568004916251425,0,0
51.793904291523255,1.0,0.9305929051728675,0,0
51.813290792984546,1.0,0.2549955333941633,0,0
51.832678057943056,1.0,3.5249830679244485,0,0
51.85206608578082,1.0,0.7183039824809568,0,0
51.87145487587878,1.0,0.80214546677786,0,0
51.89084442761689,1.0,-0.31434685912566196,0,0
51.91023474037403,1.0,1.5591494732790143,0,0
51.92962581352805,1.0,1.1674763970075848,0,0
51.94901764645576,1.0,-1.576418158736832,0,0
51.968410238532925,1.0,4.682281363559744,0,0
51.98780358913427,1.0,2.6266085833373594,0,0
52.0071976976335,1.0,-0.2660735974040234,0,0
52.02659256340324,1.0,-0.3536201922569085,0,0
52.04598818581509,1.0,0.9240480287344036,0,0
52.0653845642396,1.0,0.6745848876526114,0,0
52.084781698046285,1.0,0.1445523688151354,0,0
52.10417958660362,1.0,1.1754343515828387,0,0
52.12357822927902,1.0,1.512901969228052,0,0
52.14297762543886,1.0,0.1952618505789294,0,0
52.16237777444847,1.0,-0.8682488187904387,0,0
52.181778675672135,1.0,1.6994275935248928,0,0
52.20118032847309,1.0,-0.49971928554933115,0,0
52.22058273221353,1.0,-0.08597202988812962,0,0
52.23998588625457,1.0,0.886592232440334,0,0
52.259389789956344,1.0,0.785961425940568,0,0
52.278794442677864,1.0,0.09117267471789081,0,0
52.29819984377714,1.0,0.8496738364131284,0,0
52.31760599261111,1.0,2.2105686849296835,0,0
52.337012888535654,1.0,0.5034955311931171,0,0
52.356420530905645,1.0,0.3375683299148872,0,0
52.375828919074856,1.0,1.678485403354094,0,0
52.39523805239603,1.0,-0.6440864990737202,0,0
52.41464793022086,1.0,2.3606140653433956,0,0
52.43405855189997,1.0,2.0256601166779418,0,0
52.45346991678296,1.0,0.8682485514355923,0,0
52.472882024218336,1.0,1.7486339196384362,0,0
52.49229487355359,1.0,0.1902314687195387,0,0
52.51170846413514,1.0,3.4782961144985727,0,0
52.531122795308335,1.0,0.8111323295462727,0,0
52.5505378664175,1.0,3.020799266966638,0,0
52.56995367680588,1.0,0.4839769794555001,0,0
52.58937022581567,1.0,1.6037928145134523,0,0
52.60878751278803,1.0,1.3909384912534497,0,0
52.62820553706301,1.0,0.31371541283882076,0,0
52.64762429797965,1.0,1.77318338471453,0,0
52.66704379487592,1.0,2.7561156657505004,0,0
52.68646402708872,1.0,1.8915658002014797,0,0
52.705884993953894,1.0,1.5532657458234107,0,0
52.725306694806235,1.0,1.031310657148389,0,0
52.74472912897947,1.0,0.8701879269610521,0,0
52.76415229580626,1.0,1.0459511334012652,0,0
52.78357619461822,1.0,1.3939090787145432,0,0
52.80300082474588,1.0,3.6957142745701486,0,0
52.82242618551873,1.0,1.9591935239153286,0,0
52.84185227626518,1.0,0.8717378664384295,0,0
52.861279096312586,1.0,1.5770272339103075,0,0
52.88070664498726,1.0,1.9382945350904741,0,0
52.900134921614395,1.0,1.313839148635842,0,0
52.919563925518176,1.0,1.2110491129655314,0,0
52.938993656021694,1.0,2.349625820742558,0,0
52.95842411244698,1.0,0.7026132783452798,0,0
52.977855294115,1.0,1.783176499964597,0,0
52.99728720034566,1.0,1.7088080806576416,0,0
53.01671983045778,1.0,1.791491276489996,0,0
53.03615318376913,1.0,2.4970664209420375,0,0
53.05558725959641,1.0,1.6898093544305164,0,0
53.07502205725524,1.0,1.8892131903850886,0,0
53.09445757606019,1.0,1.306231018521739,0,0
53.113893815324744,1.0,2.4726454941132965,0,0
53.13333077436132,1.0,0.4374422544703576,0,0
53.15276845248127,1.0,0.9117360552113846,0,0
53.172206848994875,1.0,1.1763091552047318,0,0
53.19164596321134,1.0,2.3320812587826003,0,0
53.2110857944388,1.0,0.7182545857042599,0,0
53.23052634198432,1.0,1.3310046563656044,0,0
53.2499676051539,1.0,0.6813642098224197,0,0
53.26940958325244,1.0,0.9467626916537824,0,0
53.28885227558379,1.0,1.8330045155144423,0,0
53.30829568145073,1.0,1.9312748525037555,0,0
53.327739800154944,1.0,0.5796627762263706,0,0
53.34718463099706,1.0,0.7765367120302463,0,0
53.36663017327662,1.0,1.2513190400597582,0,0
53.38607642629209,1.0,1.4714786696388504,0,0
53.40552338934087,1.0,1.7542058540306675,0,0
53.42497106171927,1.0,2.383897706534444,0,0
53.44441944272253,1.0,1.8193273073705594,0,0
53.463868531644806,1.0,1.994330059168704,0,0
53.48331832777917,1.0,0.9590024896069008,0,0
53.50276883041765,1.0,2.2518056627778247,0,0
53.52222003885116,1.0,1.9332713415784708,0,0
53.54167195236954,1.0,1.4655467588422972,0,0
53.56112457026155,1.0,1.5471669218726716,0,0
53.580577891814876,1.0,1.0188199524380688,0,0
53.60003191631613,1.0,1.8187967934278189,0,0
53.619486643050806,1.0,1.2670180597026286,0,0
53.63894207130336,1.0,1.7733634845231694,0,0
53.658398200357155,1.0,1.5554270837189696,0,0
53.677855029494445,1.0,2.2988548173874666,0,0
53.697312557996426,1.0,2.1542124273994436,0,0
53.716770785143204,1.0,1.887138725217686,0,0
53.7362297102138,1.0,2.018511545303531,0,0
53.75568933248614,1.0,1.5326372698511765,0,0
53.775149651237086,1.0,1.746427416583779,0,0
53.79461066574238,1.0,2.000432086998581,0,0
53.81407237527673,1.0,2.0084970460872213,0,0
53.833534779113705,1.0,1.959646481927065,0,0
53.85299787652582,1.0,1.775799557428013,0,0
53.872461666784474,1.0,1.6502648922673149,0,0
53.89192614916001,1.0,1.2884446561929686,0,0
53.91139132292165,1.0,2.1210948667498895,0,0
53.93085718733756,1.0,1.2657128930751342,0,0
53.95032374167478,1.0,2.145442291261751,0,0
53.969790985199296,1.0,1.273641572355629,0,0
53.989258917175974,1.0,1.816529686612336,0,0
54.00872753686862,1.0,1.4297217441883932,0,0
54.0281968435399,1.0,1.8709885135849291,0,0
54.04766683645145,1.0,1.866021026274408,0,0
54.06713751486376,1.0,1.7773357461291688,0,0
54.086608878036245,1.0,1.5039792429061465,0,0
54.106080925227246,1.0,1.5514677301067163,0,0
54.12555365569399,1.0,1.1750434442733226,0,0
54.14502706869261,1.0,2.0320515000022423,0,0
54.16450116347815,1.0,1.0826409267366293,0,0
54.183975939304545,1.0,2.0611360715449942,0,0
54.20345139542466,1.0,0.9420249324978135,0,0
54.222927531090235,1.0,1.80963351434337,0,0
54.24240434555195,1.0,1.3169279332468724,0,0
54.26188183805934,1.0,1.1235991995044778,0,0
54.281360007860876,1.0,1.0931521344618116,0,0
54.30083885420393,1.0,1.5666652899524487,0,0
54.32031837633476,1.0,1.975365402414987,0,0
54.33979857349854,1.0,1.289208777731723,0,0
54.35927944493933,1.0,1.541737251166778,0,0
54.3787609899001,1.0,2.012578179990193,0,0
54.39824320762271,1.0,1.2618829718551463,0,0
54.417726097347945,1.0,1.63597615780196,0,0
54.43720965831545,1.0,1.4580198216648912,0,0
54.4566938897638,1.0,1.6675733007058617,0,0
54.47617879093045,1.0,1.493923953368294,0,0
54.49566436105176,1.0,1.4828757024532455,0,0
54.51515059936298,1.0,1.5922784847233964,0,0
54.53463750509826,1.0,1.8368158115153068,0,0
54.55412507749065,1.0,2.0935121988425203,0,0
54.57361331577209,1.0,1.9375601520889745,0,0
54.59310221917342,1.0,1.5237945612851642,0,0
54.61259178692437,1.0,1.843772410655598,0,0
54.632082018253556,1.0,1.7911836489461717,0,0
54.6515729123885,1.0,2.2371422586377467,0,0
54.67106446855563,1.0,1.7028067180399649,0,0
54.690556685980226,1.0,1.5034536660186475,0,0
54.71004956388649,1.0,1.7805738933187951,0,0
54.729543101497526,1.0,1.4895160341435782,0,0
54.74903729803529,1.0,1.442364703967766,0,0
54.76853215272067,1.0,1.9856243132921572,0,0
54.78802766477341,1.0,1.9462873975560664,0,0
54.807523833412176,1.0,1.7569531715020472,0,0
54.82702065785449,1.0,1.7764212825152166,0,0
54.84651813731679,1.0,1.6854736257058982,0,0
54.86601627101439,1.0,1.6908410528799778,0,0
54.88551505816149,1.0,1.7787178306126672,0,0
54.90501449797118,1.0,1.537896810262326,0,0
54.924514589655445,1.0,1.910248887636786,0,0
54.94401533242514,1.0,1.3271885548968474,0,0
54.963516725490024,1.0,1.7445961673204182,0,0
54.983018768058734,1.0,1.9366178716299696,0,0
55.00252145933879,1.0,1.4259325614024208,0,0
55.02202479853659,1.0,2.047851651374248,0,0
55.041528784857434,1.0,1.5334753144923152,0,0
55.061033417505485,1.0,2.0435009120229246,0,0
55.08053869568381,1.0,1.4417638801290782,0,0
55.10004461859435,1.0,1.7066211589960683,0,0
55.11955118543793,1.0,1.495545698413958,0,0
55.13905839541424,1.0,1.6186805466536005,0,0
55.158566247721865,1.0,1.793880416153668,0,0
55.17807474155829,1.0,1.9824966128215016,0,0
55.19758387611985,1.0,1.3359053101802907,0,0
55.21709365060177,1.0,1.8167546225532822,0,0
55.23660406419816,1.0,1.4327315216192869,0,0
55.25611511610201,1.0,1.6681868465712666,0,0
55.275626805505176,1.0,1.6677157057471472,0,0
55.295139131598404,1.0,2.0687651944534053,0,0
55.314652093571326,1.0,1.408519530400718,0,0
55.334165690612416,1.0,1.6465572610931767,0,0
55.35367992190906,1.0,1.9825951876389403,0,0
55.37319478664752,1.0,1.8061473324289352,0,0
55.39271028401291,1.0,2.4622297809013918,0,0
55.41222641318923,1.0,2.128806824972842,0,0
55.43174317335936,1.0,1.6515796307051405,0,0
55.45126056370505,1.0,1.9559724485830166,0,0
55.47077858340693,1.0,1.5340307511574671,0,0
55.490297231644504,1.0,1.6788930681062226,0,0
55.50981650759613,1.0,1.8344242329504823,0,0
55.52933641043906,1.0,1.8036560135107516,0,0
55.548856939349406,1.0,1.8075317393454844,0,0
55.56837809350217,1.0,1.7572049864279944,0,0
55.5878998720712,1.0,1.7032564558311876,0,0
55.60742227422923,1.0,2.076123100778699,0,0
55.62694529914786,1.0,1.7912252024512598,0,0
55.64646894599756,1.0,1.7751832268190046,0,0
55.66599321394768,1.0,2.0144702028110766,0,0
55.68551810216642,1.0,1.7984372618958764,0,0
55.70504360982086,1.0,1.8589836425481872,0,0
55.724569736076944,1.0,1.7581871509527236,0,0
55.744096480099486,1.0,1.4956190538104965,0,0
55.76362384105218,1.0,1.6784500941694116,0,0
55.783151818097565,1.0,1.8997945946707402,0,0
55.802680410397045,1.0,1.7853742769609686,0,0
55.822209617110914,1.0,1.8970191308044582,0,0
55.8417394373983,1.0,1.6921477710813957,0,0
55.861269870417246,1.0,1.6664411910443684,0,0
55.880800915324585,1.0,1.8854233153406037,0,0
55.90033257127608,1.0,1.7294630842482779,0,0
55.91986483742633,1.0,1.822771931742524,0,0
55.9393977129288,1.0,1.5714137748864454,0,0
55.958931196935815,1.0,1.820844305183199,0,0
55.978465288598564,1.0,1.8333702758157575,0,0
55.997999987067104,1.0,1.8248514539788683,0,0
56.01753529149033,1.0,1.627140574408394,0,0
56.03707120101605,1.0,1.7638293792296384,0,0
56.05660771479086,1.0,1.7852079183402179,0,0
56.07614483196027,1.0,1.8377316153814733,0,0
56.09568255166864,1.0,1.5918463642179113,0,0
56.11522087305917,1.0,1.9435493018144148,0,0
56.134759795273936,1.0,1.4526382807859513,0,0
56.15429931745387,1.0,1.7246697182899455,0,0
56.17383943873875,1.0,2.097405184674767,0,0
56.19338015826722,1.0,1.8328755921614728,0,0
56.212921475176785,1.0,2.0052156080457535,0,0
56.232463388603804,1.0,1.800993954127996,0,0
56.25200589768349,1.0,2.142776810797586,0,0
56.2715490015499,1.0,2.1477973372178374,0,0
56.291092699335955,1.0,2.12405341731365,0,0
56.31063699017344,1.0,2.0497301752247328,0,0
56.330181873192984,1.0,1.8716196588620204,0,0
56.34972734752407,1.0,1.9057814949892813,0,0
56.36927341229504,1.0,1.7727103117018508,0,0
56.38882006663307,1.0,1.9419203519280364,0,0
56.408367309664214,1.0,1.779143233952672,0,0
56.42791514051336,1.0,1.8648884616109882,0,0
56.447463558304264,1.0,1.8849337067148872,0,0
56.46701256215951,1.0,1.7825481938573624,0,0
56.48656215120055,1.0,2.02452485222303,0,0
56.50611232454767,1.0,2.05698132347084,0,0
56.52566308132003,1.0,2.0524846644385217,0,0
56.54521442063562,1.0,1.9439073128652709,0,0
56.564766341611275,1.0,2.2131434858371324,0,0
56.584318843362695,1.0,2.006555415015037,0,0
56.60387192500442,1.0,1.953488234071176,0,0
56.62342558564983,1.0,2.092235430003274,0,0
56.64297982441116,1.0,2.0794262874214766,0,0
56.66253464039948,1.0,2.091287452141643,0,0
56.68209003272473,1.0,2.103879262482134,0,0
56.70164600049567,1.0,2.206184941500526,0,0
56.721202542819924,1.0,2.081991294157876,0,0
56.740759658803945,1.0,2.0562821214885325,0,0
56.76031734755304,1.0,1.8741748947068368,0,0
56.77987560817135,1.0,1.8504626675459224,0,0
56.79943443976188,1.0,1.9732196731500322,0,0
56.818993841426455,1.0,1.9319020856160742,0,0
56.83855381226575,1.0,1.966066025531071,0,0
56.858114351379285,1.0,1.9784311849188312,0,0
56.877675457865415,1.0,2.055605364148682,0,0
56.89723713082134,1.0,1.8180301645478194,0,0
56.91679936934311,1.0,1.9191925327565384,0,0
56.93636217252559,1.0,1.9498395061498455,0,0
56.95592553946251,1.0,2.1021172435839386,0,0
56.97548946924644,1.0,1.9591613901396103,0,0
56.99505396096875,1.0,1.9935267784326027,0,0
57.014619013719695,1.0,1.952490114766558,0,0
57.03418462658834,1.0,1.8411299533082328,0,0
57.05375079866261,1.0,1.5680564549561413,0,0
57.07331752902925,1.0,1.899316971966737,0,0
57.09288481677383,1.0,2.0726842893873805,0,0
57.11245266098078,1.0,1.5941734544529162,0,0
57.132021060733365,1.0,1.7663253683792732,0,0
57.15159001511366,1.0,2.1330395341530552,0,0
57.171159523202604,1.0,1.6930119559506365,0,0
57.190729584079946,1.0,1.8920755092465837,0,0
57.21030019682429,1.0,1.5283504272031854,0,0
57.22987136051306,1.0,2.0478449506194587,0,0
57.24944307422252,1.0,2.001632982009508,0,0
57.26901533702775,1.0,1.6708711964841776,0,0
57.2885881480027,1.0,1.7360471173927368,0,0
57.3081615062201,1.0,1.7875396692857464,0,0
57.32773541075156,1.0,1.9953652299785194,0,0
57.34730986066747,1.0,2.031379757104509,0,0
57.36688485503711,1.0,1.841474356022699,0,0
57.386460392928534,1.0,1.7412365232726383,0,0
57.40603647340866,1.0,1.8020890343643339,0,0
57.42561309554323,1.0,1.8505622891264244,0,0
57.445190258396806,1.0,1.8873519105103624,0,0
57.46476796103278,1.0,1.989729002225164,0,0
57.484346202513365,1.0,1.8769202965077703,0,0
57.503924981899615,1.0,2.1487864141504587,0,0
57.52350429825141,1.0,1.8924347976479374,0,0
57.54308415062745,1.0,2.151353809892131,0,0
57.56266453808526,1.0,1.9646633261676683,0,0
57.58224545968119,1.0,2.1309939915397256,0,0
57.60182691447042,1.0,2.0296999879723536,0,0
57.62140890150695,1.0,2.4107031145730087,0,0
57.640991419843616,1.0,1.7803408853629685,0,0
57.66057446853205,1.0,1.7873133270381798,0,0
57.680158046622736,1.0,2.2229252794957617,0,0
57.69974215316497,1.0,1.8316045876089415,0,0
57.71932678720687,1.0,1.8767522486666548,0,0
57.73891194779536,1.0,1.8961980664240556,0,0
57.758497633976226,1.0,1.9073598995813248,0,0
57.77808384479404,1.0,2.054991729996719,0,0
57.797670579292195,1.0,1.8836459854838628,0,0
57.81725783651292,1.0,1.706402484863676,0,0
57.836845615497275,1.0,2.2501959951046575,0,0
57.8564339152851,1.0,1.938118088810347,0,0
57.87602273491509,1.0,2.032701032760376,0,0
57.895612073424736,1.0,2.01232424587601,0,0
57.915201929850355,1.0,2.106189238243403,0,0
57.93479230322709,1.0,2.0506032647906918,0,0
57.954383192588885,1.0,2.0865463600568623,0,0
57.9739745969685,1.0,1.9861012050027265,0,0
57.993566515397546,1.0,1.9927935037212376,0,0
58.0131589469064,1.0,2.049352561924132,0,0
58.03275189052428,1.0,2.064409459972046,0,0
58.052345345279235,1.0,1.9905516583155618,0,0
58.07193931019809,1.0,1.8343634530509023,0,0
58.091533784306506,1.0,2.2760920026287343,0,0
58.11112876662897,1.0,2.043240091747721,0,0
58.130724256188756,1.0,2.1770920210854854,0,0
58.15032025200797,1.0,1.9032106933224855,0,0
58.16991675310752,1.0,2.0020783920543006,0,0
58.18951375850713,1.0,1.971642468879783,0,0
58.209111267225325,1.0,2.024725295927455,0,0
58.22870927827947,1.0,2.235555415771477,0,0
58.2483077906857,1.0,1.6919296810584925,0,0
58.267906803459,1.0,2.031757207013234,0,0
58.287506315613136,1.0,2.097755000955115,0,0
58.30710632616069,1.0,1.835712859652876,0,0
58.326706834113054,1.0,2.175220811773522,0,0
58.34630783848044,1.0,2.1285217063198942,0,0
58.36590933827186,1.0,1.8212528326399935,0,0
58.38551133249513,1.0,2.2698476634381466,0,0
58.40511382015686,1.0,2.0106906130574727,0,0
58.4247168002625,1.0,1.8163631448877087,0,0
58.44432027181628,1.0,2.006135394639826,0,0
58.46392423382125,1.0,2.0397063233191073,0,0
58.48352868527925,1.0,1.9674500647375568,0,0
58.50313362519094,1.0,1.9249270470046491,0,0
58.522739052555785,1.0,2.1160486074503497,0,0
58.542344966372035,1.0,2.0383567250266545,0,0
58.56195136563676,1.0,2.1564282665018935,0,0
58.58155824934584,1.0,2.07304229242214,0,0
58.60116561649393,1.0,2.021758939765392,0,0
58.620773466074525,1.0,2.1028456773105653,0,0
58.64038179707988,1.0,2.2113395180566093,0,0
58.65999060850109,1.0,2.321245165919287,0,0
58.67959989932804,1.0,2.1588166192973137,0,0
58.699209668549386,1.0,2.251006039813518,0,0
58.718819915152636,1.0,2.119144890230831,0,0
58.73843063812404,1.0,1.8234184693559272,0,0
58.75804183644871,1.0,2.2438958252245387,0,0
58.777653509110515,1.0,2.1595337260867526,0,0
58.79726565509212,1.0,2.146971957233559,0,0
58.81687827337501,1.0,2.1623474715738826,0,0
58.83649136293946,1.0,2.2146283020636877,0,0
58.85610492276454,1.0,2.172845821035372,0,0
58.875718951828105,1.0,2.1715021403218273,0,0
58.89533344910684,1.0,2.1918385084531167,0,0
58.914948413576184,1.0,2.012863187225688,0,0
58.93456384421041,1.0,2.033180599462267,0,0
58.95417973998256,1.0,2.2090662396168144,0,0
58.97379609986447,1.0,1.9056475078007569,0,0
58.993412922826806,1.0,2.177925158126831,0,0
59.01303020783898,1.0,2.3033771974212423,0,0
59.03264795386922,1.0,2.020437921788339,0,0
59.05226615988455,1.0,2.0477616442953797,0,0
59.0718848248508,1.0,1.927719488684263,0,0
59.09150394773254,1.0,1.9034523720773069,0,0
59.11112352749319,1.0,2.168590096494176,0,0
59.13074356309494,1.0,2.2306341926104416,0,0
59.15036405349875,1.0,1.9102834812077323,0,0
59.16998499766441,1.0,2.026823450153569,0,0
59.18960639455047,1.0,1.8214761480166681,0,0
59.20922824311427,1.0,2.088280916268673,0,0
59.228850542311974,1.0,1.9985559114899853,0,0
59.248473291098485,1.0,1.9902128265592938,0,0
59.26809648842753,1.0,2.0457664015440815,0,0
59.28772013325161,1.0,2.0395355267644755,0,0
59.30734422452201,1.0,2.1465535102728226,0,0
59.32696876118883,1.0,1.9361743166720191,0,0
59.34659374220091,1.0,2.088270346600267,0,0
59.366219166505914,1.0,2.1544915775175264,0,0
59.38584503305029,1.0,2.0042264492169712,0,0
59.40547134077923,1.0,2.1030981440984853,0,0
59.42509808863677,1.0,1.9193540021409266,0,0
59.44472527556569,1.0,1.9066649566190115,0,0
59.46435290050756,1.0,1.9491906322305603,0,0
59.48398096240277,1.0,1.982725820347122,0,0
59.50360946019043,1.0,2.197109244524052,0,0
59.52323839280849,1.0,2.1036031009774963,0,0
59.54286775919364,1.0,2.1864348425575586,0,0
59.56249755828139,1.0,1.9836761733480046,0,0
59.58212778900601,1.0,1.9165646576374857,0,0
59.601758450300544,1.0,2.1499363785669052,0,0
59.62138954109683,1.0,2.1699774782842955,0,0
59.6410210603255,1.0,2.0194792450077736,0,0
59.660653006915936,1.0,2.081293822809344,0,0
59.68028537979632,1.0,2.0579525989683107,0,0
59.6999181778936,1.0,2.0641229248011017,0,0
59.71955140013351,1.0,2.299769622452879,0,0
59.73918504544058,1.0,1.9833437493665966,0,0
59.75881911273807,1.0,2.0931681944930856,0,0
59.77845360094807,1.0,2.238297946354569,0,0
59.79808850899141,1.0,2.0892876663612103,0,0
59.81772383578773,1.0,1.9654226266096464,0,0
59.83735958025542,1.0,2.1547203786699107,0,0
59.85699574131166,1.0,2.0037830274399693,0,0
59.876632317872385,1.0,2.064026820631586,0,0
59.896269308852325,1.0,2.046555659236405,0,0
59.915906713164986,1.0,1.9428437303971582,0,0
59.93554452972265,1.0,2.362277850924134,0,0
59.95518275743634,1.0,1.918309610248271,0,0
59.9748213952159,1.0,1.9300497255183415,0,0
59.994460441969906,1.0,1.9760523089513937,0,0
60.014099896605735,1.0,2.0849868961352525,0,0
60.033739758029526,1.0,2.098115135001476,0,0
60.0533800251462,1.0,2.011677946619256,0,0
60.07302069685941,1.0,2.337753486334814,0,0
60.09266177207164,1.0,1.8117028825450732,0,0
60.11230324968409,1.0,2.0479406162307403,0,0
60.13194512859677,1.0,1.8762712424483974,0,0
60.15158740770845,1.0,2.0745323163804588,0,0
60.17123008591665,1.0,2.2922732636579286,0,0
60.19087316211767,1.0,2.0764689301702886,0,0
60.21051663520659,1.0,1.913048866657212,0,0
60.23016050407725,1.0,1.8505664113009015,0,0
60.24980476762225,1.0,2.0009049108221753,0,0
60.26944942473297,1.0,2.07275323573982,0,0
60.289094474299546,1.0,2.2054637529743872,0,0
60.30873991521089,1.0,1.9053501929656922,0,0
60.328385746354684,1.0,2.038541431908989,0,0
60.348031966617356,1.0,2.3943470404626215,0,0
60.36767857488411,1.0,2.193623121565486,0,0
60.38732557003891,1.0,2.01559835928872,0,0
60.406972950964516,1.0,2.1606979456974216,0,0
60.4266207165424,1.0,1.8701157080064779,0,0
60.44626886565284,1.0,2.0841320864419144,0,0
60.46591739717485,1.0,2.1968795361991122,0,0
60.485566309986226,1.0,2.1005533870329014,0,0
60.50521560296352,1.0,1.9280298422976339,0,0
60.52486527498205,1.0,2.2649748939528047,0,0
60.54451532491587,1.0,2.0085881822785794,0,0
60.56416575163784,1.0,2.3422068582131397,0,0
60.58381655401954,1.0,2.109540141216043,0,0
60.60346773093134,1.0,1.9044642214401815,0,0
60.62311928124235,1.0,2.0709481116793635,0,0
60.64277120382046,1.0,1.7001974440132448,0,0
60.662423497532295,1.0,2.047909981518965,0,0
60.682076161243245,1.0,2.0562240528101223,0,0
60.701729193817485,1.0,1.7796524946257493,0,0
60.721382594117905,1.0,2.3247460508959157,0,0
60.74103636100619,1.0,2.19271959391637,0,0
60.76069049334276,1.0,1.957404652741044,0,0
60.7803449899868,1.0,2.2574812339627557,0,0
60.79999984979625,1.0,2.324379171967084,0,0
60.819655071627814,1.0,1.8250237031662633,0,0
60.83931065433694,1.0,2.3026506774491047,0,0
60.85896659677783,1.0,2.0594960496097494,0,0
60.87862289780345,1.0,2.39152019872129,0,0
60.89827955626552,1.0,2.0460979307889477,0,0
60.91793657101452,1.0,2.246056219271586,0,0
60.93759394089966,1.0,2.3335374738930836,0,0
60.957251664768926,1.0,1.9713266190557623,0,0
60.97690974146904,1.0,2.2703746440186783,0,0
60.99656816984551,1.0,2.0211903763966,0,0
61.01622694874255,1.0,2.1026213487204295,0,0
61.035886077003155,1.0,2.2059003424259993,0,0
61.05554555346906,1.0,2.0669121837297255,0,0
61.07520537698076,1.0,2.1012518692208126,0,0
61.0948655463775,1.0,2.106847680618564,0,0
61.11452606049726,1.0,1.9730643248539936,0,0
61.134186918176795,1.0,2.2406513702779427,0,0
61.15384811825159,1.0,1.9383833230095424,0,0
61.173509659555876,1.0,1.9305849139737046,0,0
61.193171540922656,1.0,2.2273114043619167,0,0
61.21283376118366,1.0,1.9678012435535859,0,0
61.232496319169364,1.0,2.1650448162115876,0,0
61.25215921370901,1.0,2.4099039863988425,0,0
61.27182244363057,1.0,2.043951024769802,0,0
61.29148600776077,1.0,1.962571852500482,0,0
61.31114990492509,1.0,1.97557831781404,0,0
61.33081413394773,1.0,2.057018479128315,0,0
61.35047869365168,1.0,2.271684137101186,0,0
61.370143582858624,1.0,1.9227010378041287,0,0
61.38980880038903,1.0,2.140907128941484,0,0
61.40947434506208,1.0,2.0220204736536767,0,0
61.42914021569573,1.0,1.9460775960365844,0,0
61.44880641110666,1.0,2.226498875588238,0,0
61.468472930110295,1.0,2.2292034110951655,0,0
61.48813977152081,1.0,2.146648975330526,0,0
61.50780693415112,1.0,1.6322534198922658,0,0
61.527474416812865,1.0,1.9359729417031821,0,0
61.547142218316466,1.0,2.2718966620887175,0,0
61.56681033747105,1.0,1.794422737646759,0,0
61.58647877308449,1.0,1.9064722828927947,0,0
61.6061475239634,1.0,1.9740226675775,0,0
61.62581658891317,1.0,1.9335694409834592,0,0
61.645485966737866,1.0,2.135918480301894,0,0
61.665155656240344,1.0,2.125180349204207,0,0
61.68482565622217,1.0,2.046340515910329,0,0
61.70449596548369,1.0,1.8785138325778161,0,0
61.72416658282392,1.0,1.8708941690413012,0,0
61.74383750704067,1.0,2.2032854357014515,0,0
61.763508736930476,1.0,1.8692337817760596,0,0
61.78318027128859,1.0,2.4299523397873566,0,0
61.80285210890903,1.0,2.238315657257858,0,0
61.82252424858452,1.0,2.373142410705912,0,0
61.842196689106544,1.0,1.812771300120704,0,0
61.86186942926532,1.0,1.6390062765175268,0,0
61.88154246784978,1.0,2.3009089600856876,0,0
61.90121580364762,1.0,1.7080713217122272,0,0
61.92088943544525,1.0,2.2243838373764433,0,0
61.9405633620278,1.0,1.8282145319503624,0,0
61.96023758217919,1.0,1.9128430252430764,0,0
61.97991209468201,1.0,2.2816168658636906,0,0
61.99958689831761,1.0,2.056769524512643,0,0
62.01926199186608,1.0,1.634585853738256,0,0
62.03893737410623,1.0,2.395986399149069,0,0
62.05861304381561,1.0,1.9750903778542948,0,0
62.07828899977049,1.0,2.6030541151791957,0,0
62.09796524074589,1.0,1.8700880715997799,0,0
62.11764176551554,1.0,1.9473941333583977,0,0
62.1373185728519,1.0,1.7990731571884189,0,0
62.15699566152618,1.0,1.80855935625194,0,0
62.17667303030831,1.0,1.6770880753942878,0,0
62.19635067796694,1.0,2.204379180718345,0,0
62.216028603269464,1.0,2.501083176648932,0,0
62.23570680498199,1.0,1.840590968513805,0,0
62.25538528186935,1.0,1.9504944238856428,0,0
62.275064032695134,1.0,1.8986302725749462,0,0
62.294743056221634,1.0,1.3999156666656736,0,0
62.31442235120986,1.0,1.684571520478084,0,0
62.334101916419584,1.0,1.2118458547896436,0,0
62.35378175060927,1.0,1.6598589343043137,0,0
62.373461852536124,1.0,1.989631822597928,0,0
62.39314222095608,1.0,2.15345558057739,0,0
62.41282285462378,1.0,1.6618567895220455,0,0
62.432503752292604,1.0,1.6988620541478807,0,0
62.45218491271466,1.0,2.2575701338155114,0,0
62.471866334640765,1.0,2.218983092837255,0,0
62.491548016820474,1.0,2.1998102705164446,0,0
62.51122995800206,1.0,2.3254889823769394,0,0
62.53091215693252,1.0,1.7689974347827644,0,0
62.55059461235757,1.0,1.9900888266525365,0,0
62.57027732302165,1.0,2.320093810348821,0,0
62.58996028766792,1.0,2.182420500213977,0,0
62.609643505038264,1.0,2.2503167835377877,0,0
62.629326973873276,1.0,1.808221082340261,0,0
62.6490106929123,1.0,2.3389750862169576,0,0
62.66869466089338,1.0,1.9418439098609244,0,0
62.68837887655326,1.0,2.1255354831601867,0,0
62.70806333862744,1.0,2.347182642618186,0,0
62.72774804585013,1.0,1.4752096838759323,0,0
62.74743299695423,1.0,1.4526977893699604,0,0
62.767118190671404,1.0,2.012695620595193,0,0
62.78680362573199,1.0,1.8919903272187442,0,0
62.80648930086508,1.0,1.8838153703968563,0,0
62.82617521479847,1.0,1.9900040428868773,0,0
62.84586136625866,1.0,1.7164942835908223,0,0
62.86554775397087,1.0,1.714663587994622,0,0
62.88523437665907,1.0,1.7297492146477131,0,0
62.9049212330459,1.0,1.7736170147377444,0,0
62.924608321852745,1.0,1.9344826113151121,0,0
62.944295641799684,1.0,1.8289302502325417,0,0
62.96398319160552,1.0,2.201470207240207,0,0
62.9836709699878,1.0,2.0881503089835833,0,0
63.00335897566272,1.0,2.2019073522312693,0,0
63.02304720734526,1.0,2.224201419635182,0,0
63.04273566374906,1.0,2.1447177896046234,0,0
63.06242434358651,1.0,2.1925976912749827,0,0
63.08211324556868,1.0,2.26241182951216,0,0
63.10180236840537,1.0,2.0256953531813404,0,0
63.12149171080512,1.0,2.2853201321822967,0,0
63.141181271475105,1.0,2.177064772364262,0,0
63.1608710491213,1.0,1.8614248179624777,0,0
63.180561042448325,1.0,2.270707782963666,0,0
63.200251250159546,1.0,1.9692486894525358,0,0
63.21994167095703,1.0,2.1225919547336516,0,0
63.23963230354154,1.0,1.7800872239827534,0,0
63.25932314661258,1.0,1.8250735096103294,0,0
63.279014198868325,1.0,2.1440188010395365,0,0
63.29870545900569,1.0,1.8747203124981946,0,0
63.31839692572028,1.0,2.3780633889937315,0,0
63.33808859770642,1.0,2.354029064145074,0,0
63.35778047365713,1.0,1.6839194952238106,0,0
63.37747255226415,1.0,2.2783528648609614,0,0
63.39716483221792,1.0,1.9579982065824901,0,0
63.41685731220758,1.0,1.7543828177621736,0,0
63.436549990920994,1.0,1.661050287369517,0,0
63.45624286704471,1.0,1.706878368353385,0,0
63.475935939264005,1.0,2.1482311706811683,0,0
63.49562920626285,1.0,1.8359111585547705,0,0
63.51532266672392,1.0,1.8013839632120963,0,0
63.535016319328584,1.0,1.951961219609595,0,0
63.55471016275694,1.0,1.7874722943944974,0,0
63.57440419568778,1.0,1.9328738233331846,0,0
63.59409841679857,1.0,1.64163610643633,0,0
63.61379282476554,1.0,1.907686573912692,0,0
63.63348741826356,1.0,1.8580148597527817,0,0
63.65318219596625,1.0,1.9146218360342864,0,0
63.67287715654591,1.0,2.0491868339964063,0,0
63.69257229867354,1.0,2.367487366952143,0,0
63.71226762101884,1.0,1.9319919671931784,0,0
63.73196312225022,1.0,2.303042775463451,0,0
63.75165880103479,1.0,1.8226791045695847,0,0
63.77135465603837,1.0,1.7529901429233132,0,0
63.791050685925455,1.0,1.9467999922906347,0,0
63.81074688935925,1.0,1.9117625204643571,0,0
63.830443265001676,1.0,1.9466536263011445,0,0
63.85013981151333,1.0,2.1753333846567435,0,0
63.86983652755352,1.0,1.9932779302094308,0,0
63.88953341178025,1.0,2.013918742401175,0,0
63.90923046285022,1.0,1.6734342494129728,0,0
63.92892767941882,1.0,2.3070837892709664,0,0
63.948625060140174,1.0,2.2197505345342576,0,0
63.96832260366705,1.0,2.1300352465057184,0,0
63.988020308650945,1.0,2.2257704289347213,0,0
64.00771817374206,1.0,2.1512047555582168,0,0
64.02741619758926,1.0,2.139418240791891,0,0
64.04711437884012,1.0,1.9758338004693325,0,0
64.06681271614093,1.0,2.174813509356457,0,0
64.08651120813667,1.0,2.112247651407889,0,0
64.10620985347097,1.0,2.078387642706862,0,0
64.1259086507862,1.0,1.9438796483890126,0,0
64.14560759872342,1.0,2.043309247509865,0,0
64.16530669592237,1.0,1.9441445234135144,0,0
64.1850059410215,1.0,2.063907127103452,0,0
64.20470533265794,1.0,2.2224831542401593,0,0
64.22440486946749,1.0,2.069303302114879,0,0
64.24410455008467,1.0,2.3601634722247318,0,0
64.26380437314272,1.0,2.2060238342640304,0,0
64.28350433727351,1.0,2.028650495920253,0,0
64.30320444110765,1.0,1.9370422760541883,0,0
64.32290468327442,1.0,2.0417031098956437,0,0
64.34260506240179,1.0,1.9769240534277894,0,0
64.36230557711642,1.0,2.1826608537292755,0,0
64.38200622604364,1.0,1.8234566873148705,0,0
64.40170700780754,1.0,1.8940030057361947,0,0
64.42140792103085,1.0,2.1043879953329148,0,0
64.44110896433496,1.0,1.8934527479756467,0,0
64.46081013634,1.0,1.8383072978170536,0,0
64.48051143566475,1.0,2.237826325094669,0,0
64.50021286092672,1.0,1.9696318020471402,0,0
64.51991441074208,1.0,2.082041121712524,0,0
64.53961608372569,1.0,1.9018310395885676,0,0
64.55931787849107,1.0,2.0946556287099187,0,0
64.5790197936505,1.0,2.1746935710642163,0,0
64.5987218278149,1.0,1.8830515348628438,0,0
64.61842397959384,1.0,2.281602423025907,0,0
64.63812624759564,1.0,1.9916538083103583,0,0
64.65782863042728,1.0,1.8344951248717034,0,0
64.67753112669439,1.0,2.179721225861738,0,0
64.69723373500138,1.0,2.310652236301223,0,0
64.71693645395123,1.0,2.224764646184648,0,0
64.73663928214569,1.0,2.113579814285616,0,0
64.75634221818515,1.0,2.1594258631321646,0,0
64.77604526066871,1.0,2.164680459259348,0,0
64.79574840819411,1.0,2.6016396383318465,0,0
64.81545165935782,1.0,2.0111035431621036,0,0
64.83515501275497,1.0,2.0454362864703897,0,0
64.85485846697938,1.0,2.0615572293632622,0,0
64.87456202062353,1.0,2.052883122679794,0,0
64.8942656722786,1.0,2.147554193961414,0,0
64.91396942053449,1.0,2.3617430332469427,0,0
64.9336732639797,1.0,2.0806506108239797,0,0
64.95337720120145,1.0,2.0731262221410756,0,0
64.97308123078568,1.0,2.1765336346975177,0,0
64.99278535131694,1.0,2.088304996881412,0,0
65.01248956137852,1.0,2.0390136152607603,0,0
65.03219385955234,1.0,1.968833451207887,0,0
65.05189824441901,1.0,2.368196341943077,0,0
65.07160271455786,1.0,2.3359484239648074,0,0
65.09130726854683,1.0,2.07641629321697,0,0
65.11101190496261,1.0,2.2610388317712293,0,0
65.13071662238053,1.0,2.1189513021053483,0,0
65.15042141937458,1.0,2.209987546444611,0,0
65.17012629451747,1.0,2.174082193857318,0,0
65.18983124638055,1.0,2.0387011941905047,0,0
65.20953627353387,1.0,2.238042057284019,0,0
65.22924137454612,1.0,2.1385627127103586,0,0
65.24894654798474,1.0,1.8970621612146479,0,0
65.26865179241578,1.0,2.1155952581119313,0,0
65.28835710640398,1.0,2.440844148815347,0,0
65.30806248851276,1.0,2.2564274908942465,0,0
65.32776793730423,1.0,2.1468885528703825,0,0
65.34747345133913,1.0,2.219624317241109,0,0
65.36717902917692,1.0,2.24072309209315,0,0
65.38688466937572,1.0,2.2203063578716544,0,0
65.4065903704923,1.0,2.3572021194464403,0,0
65.42629613108214,1.0,2.062586808167403,0,0
65.44600194969938,1.0,2.1849976763831758,0,0
65.46570782489682,1.0,2.2413295364505865,0,0
65.48541375522595,1.0,1.9423174119557518,0,0
65.50511973923693,1.0,2.0929478201177325,0,0
65.52482577547855,1.0,1.8724187419023426,0,0
65.54453186249833,1.0,2.0068526509185087,0,0
65.56423799884244,1.0,1.980128702268246,0,0
65.5839441830557,1.0,2.3532152197750547,0,0
65.60365041368166,1.0,2.4242385567169196,0,0
65.62335668926244,1.0,1.909882949500776,0,0
65.64306300833893,1.0,2.2251789765938548,0,0
65.66276936945061,1.0,1.8491619056877968,0,0
65.68247577113571,1.0,2.1242368313593722,0,0
65.70218221193106,1.0,2.0809047996585788,0,0
65.72188869037218,1.0,2.092904780452681,0,0
65.74159520499327,1.0,2.3393550696319743,0,0
65.7613017543272,1.0,2.2682470242866044,0,0
65.7810083369055,1.0,1.9519468251440981,0,0
65.80071495125836,1.0,2.066263832213341,0,0
65.82042159591464,1.0,1.8401810071244726,0,0
65.84012826940186,1.0,2.0991683696218404,0,0
65.85983497024623,1.0,1.963897823381312,0,0
65.87954169697261,1.0,2.0361444183564403,0,0
65.89924844810452,1.0,2.052787214961684,0,0
65.91895522216416,1.0,1.8432483097820254,0,0
65.93866201767239,1.0,2.0318807060113873,0,0
65.95836883314874,1.0,1.860030869400861,0,0
65.9780756671114,1.0,2.0651066063452985,0,0
65.99778251807723,1.0,1.7952416347240285,0,0
66.01748938456171,1.0,1.9177987524732347,0,0
66.03719626507906,1.0,1.7174335790514097,0,0
66.05690315814212,1.0,2.0323858863252924,0,0
66.07661006226238,1.0,2.164826815531192,0,0
66.09631697595003,1.0,1.9733091183248463,0,0
66.1160238977139,1.0,1.9436343570744155,0,0
66.13573082606149,1.0,2.104573839416899,0,0
66.15543775949897,1.0,1.970552105464887,0,0
66.17514469653113,1.0,1.7701348442102804,0,0
66.19485163566148,1.0,1.7072568987309666,0,0
66.21455857539218,1.0,1.8678007967486394,0,0
66.23426551422398,1.0,2.0434992318957184,0,0
66.25397245065639,1.0,2.033430960001184,0,0
66.27367938318753,1.0,1.9005567359180937,0,0
66.29338631031419,1.0,2.2629300110955555,0,0
66.31309323053179,1.0,2.172952392048426,0,0
66.33280014233446,1.0,2.0807305985514417,0,0
66.35250704421497,1.0,2.075911190891651,0,0
66.37221393466473,1.0,1.8976107148524834,0,0
66.39192081217382,1.0,1.9682908554301874,0,0
66.41162767523102,1.0,1.868613840995846,0,0
66.43133452232368,1.0,2.171281399883917,0,0
66.4510413519379,1.0,1.7906785056995158,0,0
66.47074816255835,1.0,2.0976670253103737,0,0
66.49045495266844,1.0,1.9248982574177371,0,0
66.5101617207502,1.0,2.09926452316928,0,0
66.52986846528431,1.0,2.226377708690535,0,0
66.5495751847501,1.0,1.8190003567103237,0,0
66.56928187762558,1.0,2.1828482955236113,0,0
66.58898854238741,1.0,2.388831145926525,0,0
66.6086951775109,1.0,2.096329971191922,0,0
66.62840178147,1.0,2.082730377250176,0,0
66.64810835273735,1.0,2.227417975201733,0,0
66.66781488978424,1.0,2.0076097787743397,0,0
66.6875213910806,1.0,2.003051836662544,0,0
66.70722785509498,1.0,2.214056824681187,0,0
66.72693428029466,1.0,2.0462305265285416,0,0
66.7466406651455,1.0,2.117062664264574,0,0
66.76634700811208,1.0,1.8240005285920144,0,0
66.78605330765757,1.0,1.815717089012413,0,0
66.80575956224385,1.0,2.0320960922343168,0,0
66.8254657703314,1.0,2.364443818946166,0,0
66.84517193037941,1.0,2.0608909976970895,0,0
66.86487804084567,1.0,1.926323020096851,0,0
66.88458410018664,1.0,2.0413891042386356,0,0
66.90429010685745,1.0,1.9848432568790535,0,0
66.92399605931186,1.0,1.893941672384111,0,0
66.94370195600229,1.0,2.0768117323632227,0,0
66.9634077953798,1.0,2.2628689262031685,0,0
66.98311357589412,1.0,2.0288257309927675,0,0
67.00281929599362,1.0,1.85880702384598,0,0
67.02252495412529,1.0,1.9256749721174369,0,0
67.04223054873484,1.0,2.0419457466124804,0,0
67.06193607826654,1.0,2.116947387753946,0,0
67.0816415411634,1.0,2.0401727667440244,0,0
67.10134693586704,1.0,2.0341869130184245,0,0
67.12105226081769,1.0,2.1425635007583983,0,0
67.1407575144543,1.0,2.125024670113325,0,0
67.16046269521439,1.0,2.1865642384961643,0,0
67.1801678015342,1.0,2.169761939490618,0,0
67.19987283184857,1.0,2.133950369866272,0,0
67.21957778459102,1.0,2.0208666630982024,0,0
67.2392826581937,1.0,2.1239143438247376,0,0
67.25898745108739,1.0,2.162752802232228,0,0
67.27869216170157,1.0,2.145772150286789,0,0
67.29839678846432,1.0,2.1196110729106308,0,0
67.31810132980236,1.0,1.9000312599507068,0,0
67.3378057841411,1.0,2.12411047909315,0,0
67.35751014990453,1.0,2.150797620587811,0,0
67.37721442551538,1.0,2.2066829411716804,0,0
67.39691860939493,1.0,2.2238499035507515,0,0
67.41662269996314,1.0,2.1655943888287976,0,0
67.43632669563866,1.0,2.3365095987435236,0,0
67.4560305948387,1.0,2.0939296380941705,0,0
67.47573439597917,1.0,1.9327560596235314,0,0
67.49543809747465,1.0,2.080024387369179,0,0
67.51514169773827,1.0,2.528833604573723,0,0
67.5348451951819,1.0,1.792228669397984,0,0
67.554548588216,1.0,2.088385127822862,0,0
67.57425187524967,1.0,2.224265621802301,0,0
67.5939550546907,1.0,1.924534280177851,0,0
67.61365812494545,1.0,1.955257651551376,0,0
67.63336108441898,1.0,1.9724566678135476,0,0
67.65306393151498,1.0,2.123454974624859,0,0
67.67276666463576,1.0,1.9945919112377986,0,0
67.69246928218232,1.0,1.9023915418813757,0,0
67.71217178255424,1.0,1.9065202651536954,0,0
67.73187416414976,1.0,2.194803237051459,0,0
67.75157642536578,1.0,2.15257569571133,0,0
67.77127856459785,1.0,2.0969631592426454,0,0
67.79098058024013,1.0,2.186920369303401,0,0
67.8106824706854,1.0,1.7969826540623506,0,0
67.83038423432515,1.0,2.029472406818977,0,0
67.85008586954946,1.0,2.065101609969425,0,0
67.86978737474705,1.0,2.0646341547451605,0,0
67.88948874830528,1.0,1.9559883685524893,0,0
67.90918998861017,1.0,1.9121260349714893,0,0
67.92889109404635,1.0,1.8643681626105135,0,0
67.94859206299711,1.0,1.8836344883405172,0,0
67.96829289384439,1.0,2.244395211532529,0,0
67.98799358496872,1.0,1.9221491064317013,0,0
68.0076941347493,1.0,1.988930522706253,0,0
68.02739454156398,1.0,2.096575294883467,0,0
68.04709480378924,1.0,1.9622323368487729,0,0
68.06679491980015,1.0,1.9081205942751616,0,0
68.08649488797046,1.0,2.066424935443113,0,0
68.10619470667257,1.0,2.034855804073313,0,0
68.1258943742775,1.0,2.0619326906739452,0,0
68.14559388915487,1.0,1.8837405371481781,0,0
68.165293249673,1.0,2.006491537783615,0,0
68.18499245419878,1.0,1.889355239800969,0,0
68.20469150109781,1.0,1.9994215826288442,0,0
68.22439038873425,1.0,1.849675336164342,0,0
68.24408911547094,1.0,2.144980188079853,0,0
68.26378767966935,1.0,1.8208018161539585,0,0
68.28348607968957,1.0,2.085484524141517,0,0
68.30318431389031,1.0,1.8612207345670415,0,0
68.32288238062895,1.0,2.390044744623664,0,0
68.34258027826152,1.0,2.1252769787389485,0,0
68.36227800514261,1.0,1.823527238383321,0,0
68.3819755596255,1.0,2.0229940675164313,0,0
68.40167294006208,1.0,2.065541223853308,0,0
68.42137014480289,1.0,1.9409534300635927,0,0
68.4410671721971,1.0,2.1544085006927927,0,0
68.46076402059248,1.0,2.071930480374244,0,0
68.48046068833547,1.0,2.0549782183330443,0,0
68.50015717377113,1.0,2.131217938068119,0,0
68.51985347524314,1.0,2.164700577188319,0,0
68.53954959109385,1.0,1.7839214894787712,0,0
68.55924551966419,1.0,2.0464026458673787,0,0
68.57894125929373,1.0,2.012669339707952,0,0
68.5986368083207,1.0,1.9561683384550412,0,0
68.61833216508197,1.0,2.138675966221151,0,0
68.63802732791297,1.0,1.8256535785064583,0,0
68.65772229514783,1.0,2.0249624054828375,0,0
68.67741706511927,1.0,1.7195159429288012,0,0
68.6971116361587,1.0,2.1248372444691563,0,0
68.71680600659604,1.0,2.2824518475380504,0,0
68.73650017475998,1.0,2.0227989888805227,0,0
68.75619413897775,1.0,2.0345651960539266,0,0
68.77588789757522,1.0,2.1732211244347526,0,0
68.79558144887689,1.0,2.3464967724279164,0,0
68.81527479120592,1.0,1.8887113997696823,0,0
68.83496792288408,1.0,2.035025628710568,0,0
68.85466084223174,1.0,2.035805076713473,0,0
68.87435354756795,1.0,1.8260079269907927,0,0
68.89404603721033,1.0,1.968926430562654,0,0
68.91373830947518,1.0,2.0083104095093356,0,0
68.9334303626774,1.0,1.9641638441654727,0,0
68.95312219513049,1.0,2.390548409487381,0,0
68.97281380514664,1.0,2.0843433368589332,0,0
68.99250519103663,1.0,2.078814269224981,0,0
69.01219635110986,1.0,2.132430811401752,0,0
69.03188728367437,1.0,1.9172095814226344,0,0
69.05157798703681,1.0,2.1647151359124432,0,0
69.07126845950248,1.0,2.2819763712973096,0,0
69.09095869937528,1.0,2.124029998315477,0,0
69.11064870495778,1.0,2.2292560657557394,0,0
69.13033847455111,1.0,2.1491578877695123,0,0
69.15002800645505,1.0,2.139972199113873,0,0
69.16971729896804,1.0,2.0972357142544995,0,0
69.1894063503871,1.0,2.2226058512799614,0,0
69.20909515900792,1.0,2.366329661699102,0,0
69.22878372312474,1.0,2.1783410462045993,0,0
69.24847204103048,1.0,2.2495254724665315,0,0
69.2681601110167,1.0,2.2873206867287106,0,0
69.28784793137352,1.0,2.231460474824076,0,0
69.30753550038975,1.0,2.0326226876711604,0,0
69.32722281635276,1.0,2.1947684441092274,0,0
69.3469098775486,1.0,2.0881900304836494,0,0
69.3665966822619,1.0,2.1479040348046556,0,0
69.38628322877595,1.0,2.3861476059911766,0,0
69.40596951537262,1.0,2.2428250685785045,0,0
69.42565554033244,1.0,2.0529849176007366,0,0
69.44534130193455,1.0,1.8947250251767924,0,0
69.46502679845668,1.0,2.056832416659925,0,0
69.48471202817522,1.0,1.9459208403643051,0,0
69.50439698936519,1.0,2.1812745891703473,0,0
69.5240816803002,1.0,1.9401852596973626,0,0
69.54376609925248,1.0,2.1593634922925764,0,0
69.56345024449291,1.0,2.328523941533352,0,0
69.58313411429097,1.0,2.23361995384696,0,0
69.60281770691476,1.0,2.134772940579997,0,0
69.622501020631,1.0,2.043978483969435,0,0
69.64218405370505,1.0,2.3154493886697853,0,0
69.66186680440084,1.0,2.117105979137743,0,0
69.681549270981,1.0,1.9821631968265687,0,0
69.70123145170669,1.0,1.9878243993240006,0,0
69.72091334483775,1.0,2.1864348597873318,0,0
69.74059494863263,1.0,1.9010337523707341,0,0
69.7602762613484,1.0,1.8233681590675979,0,0
69.77995728124068,1.0,1.9458969401846573,0,0
69.79963800656384,1.0,1.8395680805390573,0,0
69.81931843557075,1.0,2.2527091239730517,0,0
69.83899856651297,1.0,1.9251710687729797,0,0
69.85867839764063,1.0,2.047851431131662,0,0
69.87835792720252,1.0,2.0173263693118937,0,0
69.89803715344601,1.0,2.1356537957821526,0,0
69.9177160746171,1.0,1.8323449150293287,0,0
69.93739468896044,1.0,1.9842433954413983,0,0
69.95707299471923,1.0,2.2550902881604995,0,0
69.97675099013537,1.0,1.9449870499702135,0,0
69.99642867344929,1.0,2.060018838557125,0,0
70.0161060429001,1.0,2.0588394471835123,0,0
70.03578309672552,1.0,2.1287790501297565,0,0
70.05545983316185,1.0,2.0218098658117327,0,0
70.07513625044402,1.0,2.1378018159908376,0,0
70.09481234680561,1.0,1.880684503133872,0,0
70.11448812047877,1.0,1.8674796971927365,0,0
70.1341635696943,1.0,1.995695254630473,0,0
70.15383869268159,1.0,2.03605537962817,0,0
70.17351348766866,1.0,2.00797381116953,0,0
70.19318795288214,1.0,2.021293969074043,0,0
70.21286208654726,1.0,1.8712236811254723,0,0
70.23253588688792,1.0,1.9878097118251863,0,0
70.25220935212656,1.0,1.9514945359684301,0,0
70.27188248048428,1.0,1.7502759996749169,0,0
70.29155527018078,1.0,1.8708560810242947,0,0
70.31122771943438,1.0,1.9436748480086734,0,0
70.330899826462,1.0,1.748985557921336,0,0
70.35057158947922,1.0,1.980791604867026,0,0
70.37024300670015,1.0,2.14884226714219,0,0
70.3899140763376,1.0,1.902466319375924,0,0
70.40958479660294,1.0,1.9685592885837455,0,0
70.42925516570617,1.0,2.078122902630456,0,0
70.44892518185591,1.0,1.934099007084532,0,0
70.46859484325935,1.0,2.1548643257296294,0,0
70.48826414812238,1.0,2.0726686305227435,0,0
70.50793309464942,1.0,1.9255667673302048,0,0
70.52760168104354,1.0,1.9452863804013758,0,0
70.5472699055064,1.0,1.8038892816127021,0,0
70.56693776623828,1.0,2.293799494531236,0,0
70.5866052614381,1.0,1.9645671583712376,0,0
70.60627238930336,1.0,1.941435875560383,0,0
70.62593914803017,1.0,1.8199134085930866,0,0
70.64560553581329,1.0,1.916949006560011,0,0
70.66527155084603,1.0,2.133336334219281,0,0
70.68493719132037,1.0,2.124664017062772,0,0
70.70460245542687,1.0,1.8077014510231544,0,0
70.72426734135469,1.0,2.1357860735288834,0,0
70.74393184729163,1.0,2.0927770448725203,0,0
70.76359597142408,1.0,2.1162097721560773,0,0
70.78325971193706,1.0,2.2001645624942014,0,0
70.80292306701419,1.0,2.1071949582311755,0,0
70.82258603483768,1.0,2.184273933529931,0,0
70.84224861358838,1.0,1.9697343311146678,0,0
70.86191080144573,1.0,1.9441001223169687,0,0
70.88157259658779,1.0,2.084825878884012,0,0
70.90123399719123,1.0,1.9182643946141948,0,0
70.92089500143132,1.0,1.943245211561584,0,0
70.94055560748197,1.0,2.256447795298654,0,0
70.96021581351562,1.0,2.07099130797361,0,0
70.97987561770341,1.0,2.13116783576444,0,0
70.99953501821507,1.0,1.9782567660296857,0,0
71.0191940132189,1.0,2.4042664012105015,0,0
71.03885260088181,1.0,2.0808950989560246,0,0
71.05851077936936,1.0,2.023926434853569,0,0
71.07816854684569,1.0,2.2733911922337966,0,0
71.09782590147356,1.0,2.3321190900389346,0,0
71.11748284141431,1.0,2.097541252603569,0,0
71.13713936482795,1.0,1.99194344581441,0,0
71.15679546987302,1.0,2.2266153101166655,0,0
71.17645115470671,1.0,2.3648227932907235,0,0
71.19610641748484,1.0,2.0646659544879102,0,0
71.21576125636179,1.0,2.1702015976221234,0,0
71.23541566949055,1.0,1.8909121139822946,0,0
71.25506965502274,1.0,2.0808049092123384,0,0
71.27472321110861,1.0,1.798792967366817,0,0
71.29437633589696,1.0,2.060991765239601,0,0
71.31402902753521,1.0,2.0590670368180906,0,0
71.33368128416944,1.0,2.0029666086185243,0,0
71.3533331039443,1.0,2.0364767199486615,0,0
71.372984485003,1.0,1.929718703285579,0,0
71.39263542548741,1.0,1.9621858794508429,0,0
71.41228592353801,1.0,2.046688209602325,0,0
71.43193597729388,1.0,2.1919761545229703,0,0
71.45158558489268,1.0,1.9120918019964426,0,0
71.4712347444707,1.0,2.0965704717552582,0,0
71.49088345416283,1.0,1.9302187630662295,0,0
71.51053171210255,1.0,1.9445395459758583,0,0
71.53017951642197,1.0,1.9101494147287,0,0
71.54982686525179,1.0,2.034040507374404,0,0
71.56947375672132,1.0,2.1806053725333365,0,0
71.58912018895847,1.0,1.9795039861746835,0,0
71.60876616008979,1.0,1.9404816245158567,0,0
71.62841166824036,1.0,2.152113280453532,0,0
71.64805671153394,1.0,1.8627895520258335,0,0
71.66770128809284,1.0,2.0888022193526847,0,0
71.68734539603801,1.0,2.1421193805492917,0,0
71.70698903348898,1.0,1.6699301116864045,0,0
71.7266321985639,1.0,1.8998696452040502,0,0
71.74627488937952,1.0,1.8479536254038431,0,0
71.7659171040512,1.0,2.0061951717617363,0,0
71.7855588406929,1.0,1.9702812523553221,0,0
71.80520009741717,1.0,1.9207733690975564,0,0
71.82484087233517,1.0,1.9499696296979439,0,0
71.84448116355668,1.0,1.857356786454361,0,0
71.86412096919007,1.0,1.877273331551718,0,0
71.88376028734231,1.0,2.0002616301486995,0,0
71.90339911611898,1.0,2.1410893142789273,0,0
71.92303745362426,1.0,1.9486238621430512,0,0
71.94267529796095,1.0,2.142834255052386,0,0
71.9623126472304,1.0,2.0520683077993254,0,0
71.98194949953263,1.0,2.212549567243023,0,0
72.00158585296622,1.0,1.7648008605670555,0,0
72.02122170562836,1.0,2.093912150561301,0,0
72.04085705561485,1.0,1.897930107038638,0,0
72.06049190102011,1.0,2.032784529301279,0,0
72.08012623993713,1.0,2.061375815152967,0,0
72.09976007045748,1.0,2.0087745960552175,0,0
72.1193933906714,1.0,1.7458431128600211,0,0
72.13902619866772,1.0,2.1748565847881673,0,0
72.15865849253379,1.0,2.010380353883977,0,0
72.17829027035566,1.0,1.8533111436314371,0,0
72.19792153021794,1.0,1.894659994974846,0,0
72.21755227020385,1.0,1.9613484859687014,0,0
72.2371824883952,1.0,1.7911453813287415,0,0
72.2568121828724,1.0,1.9513585435656617,0,0
72.27644135171445,1.0,1.9337399014823038,0,0
72.29606999299901,1.0,1.843583140991736,0,0
72.3156981048023,1.0,2.1213848564110536,0,0
72.3353256851991,1.0,2.04835539018783,0,0
72.35495273226286,1.0,2.121881831243706,0,0
72.37457924406561,1.0,1.9326745662087272,0,0
72.39420521867797,1.0,2.08663549828225,0,0
72.41383065416916,1.0,2.1167656367302374,0,0
72.43345554860701,1.0,1.9129127596103013,0,0
72.45307990005794,1.0,1.8869066148829372,0,0
72.472703706587,1.0,2.0136475130414158,0,0
72.49232696625778,1.0,2.037731504581729,0,0
72.51194967713253,1.0,1.7891883495420422,0,0
72.53157183727208,1.0,1.851480117454835,0,0
72.55119344473584,1.0,2.185230996538905,0,0
72.57081449758186,1.0,1.927979927767192,0,0
72.59043499386678,1.0,1.8195457105659747,0,0
72.61005493164578,1.0,1.9829527508946143,0,0
72.62967430897271,1.0,1.8336883878526002,0,0
72.64929312390002,1.0,2.1061771565296343,0,0
72.66891137447871,1.0,2.2048074394910144,0,0
72.6885290587584,1.0,2.053584655010241,0,0
72.70814617478736,1.0,2.0994245891633394,0,0
72.72776272061236,1.0,2.1052747098442195,0,0
72.74737869427886,1.0,2.135388042032725,0,0
72.76699409383087,1.0,1.9956152814550991,0,0
72.78660891731101,1.0,2.2759050556083693,0,0
72.80622316276052,1.0,2.0579983872437104,0,0
72.8258368282192,1.0,2.186053340627552,0,0
72.84544991172547,1.0,2.1604472302047526,0,0
72.86506241131636,1.0,1.734231137413368,0,0
72.8846743250275,1.0,1.9652570452821567,0,0
72.90428565089309,1.0,2.1398159630559275,0,0
72.92389638694596,1.0,1.6989195454988506,0,0
72.94350653121748,1.0,2.001988950804299,0,0
72.96311608173772,1.0,2.130523128341562,0,0
72.98272503653527,1.0,2.031131801167282,0,0
73.00233339363731,1.0,2.0018306383704862,0,0
73.02194115106971,1.0,2.4067585397341578,0,0
73.04154830685681,1.0,1.7842532925884476,0,0
73.06115485902167,1.0,2.2376251798453075,0,0
73.08076080558587,1.0,2.0679146911744897,0,0
73.10036614456959,1.0,2.619343226871704,0,0
73.11997087399166,1.0,2.2413871071298233,0,0
73.13957499186947,1.0,2.5391347516252405,0,0
73.15917849621901,1.0,1.671035512452152,0,0
73.17878138505488,1.0,1.8830892554790013,0,0
73.19838365639026,1.0,1.9571944442482605,0,0
73.21798530823693,1.0,2.104380859408185,0,0
73.23758633860533,1.0,1.725619755380282,0,0
73.25718674550437,1.0,3.6677956566258803,0,0
73.27678652694168,1.0,2.523684576553565,0,0
73.29638568092344,1.0,2.2613591448811903,0,0
73.3159842054544,1.0,2.261366075210816,0,0
73.33558209853796,1.0,2.261373005359629,0,0
73.35517967539847,1.0,2.2613799354390953,0,0
